-3.1772181e-08
-3.2195249e-08
-3.2618313e-08
-3.2110634e-08
-3.215294e-08
-3.2618313e-08
-3.278754e-08
-3.2406781e-08
-3.2745231e-08
-3.2702925e-08
-3.2491393e-08
-3.2533698e-08
-3.1983713e-08
-3.1645264e-08
-3.2279861e-08
-3.2237555e-08
-3.215294e-08
-3.1856796e-08
-3.2110634e-08
-3.2364472e-08
-3.2533698e-08
-3.1983713e-08
-3.1899102e-08
-3.2322166e-08
-3.2364472e-08
-3.1899102e-08
-3.215294e-08
-3.2364472e-08
-3.2237555e-08
-3.1899102e-08
-3.1899102e-08
-3.1814491e-08
-3.2110634e-08
-3.2068328e-08
-3.168757e-08
-3.2068328e-08
-3.1729876e-08
-3.1941408e-08
-3.1856796e-08
-3.1137585e-08
-3.1179891e-08
-3.1814491e-08
-3.1814491e-08
-3.2195249e-08
-3.1476038e-08
-3.1560649e-08
-3.1899102e-08
-3.1941408e-08
-3.2195249e-08
-3.215294e-08
-3.1941408e-08
-3.2026023e-08
-3.215294e-08
-3.2702925e-08
-3.1602955e-08
-3.1560649e-08
-3.1729876e-08
-3.2026023e-08
-3.2322166e-08
-3.2533698e-08
-3.3210604e-08
-3.2914457e-08
-3.2110634e-08
-3.1729876e-08
-3.1856796e-08
-3.2110634e-08
-3.1983713e-08
-3.1856796e-08
-3.1222196e-08
-3.1095279e-08
-3.2364472e-08
-3.2068328e-08
-3.1729876e-08
-3.1814491e-08
-3.2110634e-08
-3.1645264e-08
-3.1518343e-08
-3.2110634e-08
-3.2279861e-08
-3.2576008e-08
-3.2618313e-08
-3.1899102e-08
-3.1645264e-08
-3.2195249e-08
-3.2195249e-08
-3.2406781e-08
-3.1983713e-08
-3.1983713e-08
-3.2660619e-08
-3.1772181e-08
-3.1729876e-08
-3.2322166e-08
-3.2364472e-08
-3.2322166e-08
-3.2449087e-08
-3.2322166e-08
-3.2576008e-08
-3.2406781e-08
-3.2406781e-08
-3.1983713e-08
-3.2026023e-08
-3.168757e-08
-3.1052974e-08
-3.1391423e-08
-3.1941408e-08
-3.2026023e-08
-3.1772181e-08
-3.1518343e-08
-3.1772181e-08
-3.2110634e-08
-3.215294e-08
-3.1856796e-08
-3.215294e-08
-3.2618313e-08
-3.1729876e-08
-3.1391423e-08
-3.1772181e-08
-3.1137585e-08
-3.1306811e-08
-3.1814491e-08
-3.2872151e-08
-3.2195249e-08
-3.1941408e-08
-3.2279861e-08
-3.1476038e-08
-3.2195249e-08
-3.2195249e-08
-3.2576008e-08
-3.2195249e-08
-3.1983713e-08
-3.2491393e-08
-3.2702925e-08
-3.2406781e-08
-3.2576008e-08
-3.1856796e-08
-3.2618313e-08
-3.278754e-08
-3.2406781e-08
-3.2068328e-08
-3.2406781e-08
-3.2533698e-08
-3.2914457e-08
-3.2195249e-08
-3.2702925e-08
-3.3083683e-08
-3.3083683e-08
-3.3337521e-08
-3.2702925e-08
-3.2660619e-08
-3.2237555e-08
-3.1856796e-08
-3.1433732e-08
-3.1518343e-08
-3.1560649e-08
-3.1560649e-08
-3.1899102e-08
-3.2237555e-08
-3.215294e-08
-3.2026023e-08
-3.215294e-08
-3.2279861e-08
-3.2322166e-08
-3.1941408e-08
-3.1814491e-08
-3.2237555e-08
-3.2026023e-08
-3.1856796e-08
-3.1306811e-08
-3.1222196e-08
-3.1941408e-08
-3.2533698e-08
-3.2237555e-08
-3.2406781e-08
-3.2026023e-08
-3.1899102e-08
-3.2237555e-08
-3.1560649e-08
-3.168757e-08
-3.2322166e-08
-3.1814491e-08
-3.2279861e-08
-3.2576008e-08
-3.1899102e-08
-3.1729876e-08
-3.1899102e-08
-3.2491393e-08
-3.2914457e-08
-3.2745231e-08
-3.2829846e-08
-3.2406781e-08
-3.278754e-08
-3.2195249e-08
-3.168757e-08
-3.2449087e-08
-3.2745231e-08
-3.2068328e-08
-3.1729876e-08
-3.2449087e-08
-3.2279861e-08
-3.2491393e-08
-3.2026023e-08
-3.1433732e-08
-3.2364472e-08
-3.2956763e-08
-3.2533698e-08
-3.2491393e-08
-3.2364472e-08
-3.2449087e-08
-3.2491393e-08
-3.1941408e-08
-3.2195249e-08
-3.2533698e-08
-3.2279861e-08
-3.1899102e-08
-3.215294e-08
-3.2068328e-08
-3.215294e-08
-3.2195249e-08
-3.1983713e-08
-3.215294e-08
-3.1645264e-08
-3.1941408e-08
-3.2068328e-08
-3.1645264e-08
-3.1772181e-08
-3.2406781e-08
-3.2449087e-08
-3.2491393e-08
-3.2491393e-08
-3.1814491e-08
-3.215294e-08
-3.2026023e-08
-3.2110634e-08
-3.1729876e-08
-3.168757e-08
-3.1814491e-08
-3.1899102e-08
-3.2237555e-08
-3.2364472e-08
-3.2406781e-08
-3.2322166e-08
-3.2279861e-08
-3.1476038e-08
-3.1814491e-08
-3.1899102e-08
-3.1729876e-08
-3.1602955e-08
-3.215294e-08
-3.2322166e-08
-3.1391423e-08
-3.1518343e-08
-3.2110634e-08
-3.2026023e-08
-3.2068328e-08
-3.2491393e-08
-3.215294e-08
-3.215294e-08
-3.2322166e-08
-3.2237555e-08
-3.2745231e-08
-3.3083683e-08
-3.2491393e-08
-3.2449087e-08
-3.2660619e-08
-3.2195249e-08
-3.1856796e-08
-3.2195249e-08
-3.2237555e-08
-3.2449087e-08
-3.2279861e-08
-3.2026023e-08
-3.2068328e-08
-3.1560649e-08
-3.1941408e-08
-3.2110634e-08
-3.2406781e-08
-3.2279861e-08
-3.2110634e-08
-3.1941408e-08
-3.1772181e-08
-3.2364472e-08
-3.2449087e-08
-3.1983713e-08
-3.1983713e-08
-3.2237555e-08
-3.1941408e-08
-3.2406781e-08
-3.2364472e-08
-3.2322166e-08
-3.2364472e-08
-3.2195249e-08
-3.1941408e-08
-3.1772181e-08
-3.2195249e-08
-3.2110634e-08
-3.2026023e-08
-3.2110634e-08
-3.1983713e-08
-3.2110634e-08
-3.2364472e-08
-3.215294e-08
-3.1856796e-08
-3.1729876e-08
-3.1772181e-08
-3.2068328e-08
-3.2618313e-08
-3.3168298e-08
-3.2745231e-08
-3.278754e-08
-3.2406781e-08
-3.2745231e-08
-3.2999072e-08
-3.2914457e-08
-3.2872151e-08
-3.1983713e-08
-3.215294e-08
-3.1983713e-08
-3.2279861e-08
-3.2872151e-08
-3.2956763e-08
-3.2533698e-08
-3.2702925e-08
-3.2279861e-08
-3.1560649e-08
-3.215294e-08
-3.2068328e-08
-3.2406781e-08
-3.278754e-08
-3.2195249e-08
-3.215294e-08
-3.2279861e-08
-3.2364472e-08
-3.2702925e-08
-3.2533698e-08
-3.2829846e-08
-3.2322166e-08
-3.2068328e-08
-3.3041378e-08
-3.2872151e-08
-3.215294e-08
-3.2237555e-08
-3.1856796e-08
-3.2660619e-08
-3.2406781e-08
-3.2237555e-08
-3.2110634e-08
-3.168757e-08
-3.1645264e-08
-3.1772181e-08
-3.215294e-08
-3.2364472e-08
-3.2533698e-08
-3.2618313e-08
-3.278754e-08
-3.2491393e-08
-3.2829846e-08
-3.2322166e-08
-3.1983713e-08
-3.2322166e-08
-3.2449087e-08
-3.2829846e-08
-3.2449087e-08
-3.2195249e-08
-3.1856796e-08
-3.2195249e-08
-3.1729876e-08
-3.1560649e-08
-3.1476038e-08
-3.168757e-08
-3.2195249e-08
-3.2618313e-08
-3.2406781e-08
-3.1983713e-08
-3.2237555e-08
-3.2576008e-08
-3.2533698e-08
-3.2322166e-08
-3.3337521e-08
-3.3083683e-08
-3.1983713e-08
-3.215294e-08
-3.1941408e-08
-3.2449087e-08
-3.2110634e-08
-3.2195249e-08
-3.2322166e-08
-3.2872151e-08
-3.2618313e-08
-3.2322166e-08
-3.1899102e-08
-3.2364472e-08
-3.2279861e-08
-3.2279861e-08
-3.2195249e-08
-3.2322166e-08
-3.2279861e-08
-3.2618313e-08
-3.2829846e-08
-3.2956763e-08
-3.2999072e-08
-3.3210604e-08
-3.2533698e-08
-3.2872151e-08
-3.2660619e-08
-3.2533698e-08
-3.1941408e-08
-3.215294e-08
-3.2364472e-08
-3.2195249e-08
-3.2279861e-08
-3.2491393e-08
-3.1772181e-08
-3.1772181e-08
-3.2068328e-08
-3.215294e-08
-3.2110634e-08
-3.2279861e-08
-3.2068328e-08
-3.2364472e-08
-3.2406781e-08
-3.2449087e-08
-3.2660619e-08
-3.2110634e-08
-3.1729876e-08
-3.2533698e-08
-3.2914457e-08
-3.2491393e-08
-3.215294e-08
-3.2533698e-08
-3.2533698e-08
-3.2110634e-08
-3.1814491e-08
-3.2576008e-08
-3.2279861e-08
-3.2322166e-08
-3.2406781e-08
-3.2491393e-08
-3.2322166e-08
-3.1729876e-08
-3.1899102e-08
-3.2237555e-08
-3.215294e-08
-3.1772181e-08
-3.1772181e-08
-3.2237555e-08
-3.2576008e-08
-3.2702925e-08
-3.2449087e-08
-3.2533698e-08
-3.2745231e-08
-3.2618313e-08
-3.2237555e-08
-3.215294e-08
-3.2618313e-08
-3.2829846e-08
-3.2660619e-08
-3.2237555e-08
-3.1856796e-08
-3.1983713e-08
-3.168757e-08
-3.168757e-08
-3.2406781e-08
-3.2745231e-08
-3.2322166e-08
-3.2195249e-08
-3.2195249e-08
-3.2406781e-08
-3.2195249e-08
-3.2279861e-08
-3.2110634e-08
-3.1941408e-08
-3.2872151e-08
-3.2491393e-08
-3.1856796e-08
-3.2322166e-08
-3.2914457e-08
-3.215294e-08
-3.1899102e-08
-3.1899102e-08
-3.2702925e-08
-3.2660619e-08
-3.2660619e-08
-3.1772181e-08
-3.2026023e-08
-3.2279861e-08
-3.1983713e-08
-3.2195249e-08
-3.1856796e-08
-3.2026023e-08
-3.2406781e-08
-3.2491393e-08
-3.2068328e-08
-3.2702925e-08
-3.2702925e-08
-3.2449087e-08
-3.2702925e-08
-3.2237555e-08
-3.2449087e-08
-3.2702925e-08
-3.2702925e-08
-3.215294e-08
-3.2237555e-08
-3.2956763e-08
-3.278754e-08
-3.2110634e-08
-3.2322166e-08
-3.2237555e-08
-3.1983713e-08
-3.2195249e-08
-3.2533698e-08
-3.2999072e-08
-3.2576008e-08
-3.2449087e-08
-3.2279861e-08
-3.2576008e-08
-3.2449087e-08
-3.2237555e-08
-3.2237555e-08
-3.2491393e-08
-3.2110634e-08
-3.2110634e-08
-3.2026023e-08
-3.2026023e-08
-3.2026023e-08
-3.1729876e-08
-3.168757e-08
-3.2110634e-08
-3.1856796e-08
-3.215294e-08
-3.2449087e-08
-3.2279861e-08
-3.2110634e-08
-3.2279861e-08
-3.2110634e-08
-3.2533698e-08
-3.2406781e-08
-3.1941408e-08
-3.2195249e-08
-3.2322166e-08
-3.2110634e-08
-3.1983713e-08
-3.215294e-08
-3.2745231e-08
-3.3506748e-08
-3.2702925e-08
-3.2491393e-08
-3.2322166e-08
-3.2322166e-08
-3.2364472e-08
-3.2195249e-08
-3.2322166e-08
-3.2279861e-08
-3.2279861e-08
-3.2322166e-08
-3.2364472e-08
-3.2195249e-08
-3.2576008e-08
-3.2068328e-08
-3.2237555e-08
-3.2237555e-08
-3.1983713e-08
-3.2195249e-08
-3.1899102e-08
-3.168757e-08
-3.2237555e-08
-3.2449087e-08
-3.215294e-08
-3.2829846e-08
-3.2026023e-08
-3.168757e-08
-3.1983713e-08
-3.2195249e-08
-3.2491393e-08
-3.2745231e-08
-3.2279861e-08
-3.2195249e-08
-3.1814491e-08
-3.2449087e-08
-3.2618313e-08
-3.1560649e-08
-3.2026023e-08
-3.2491393e-08
-3.2195249e-08
-3.1645264e-08
-3.1772181e-08
-3.2491393e-08
-3.215294e-08
-3.1983713e-08
-3.2026023e-08
-3.1476038e-08
-3.2110634e-08
-3.2110634e-08
-3.2364472e-08
-3.2068328e-08
-3.1476038e-08
-3.2195249e-08
-3.2533698e-08
-3.2026023e-08
-3.1941408e-08
-3.1941408e-08
-3.2449087e-08
-3.3041378e-08
-3.2618313e-08
-3.2364472e-08
-3.2195249e-08
-3.2110634e-08
-3.1941408e-08
-3.215294e-08
-3.2195249e-08
-3.2660619e-08
-3.2449087e-08
-3.1899102e-08
-3.1010664e-08
-3.1306811e-08
-3.1983713e-08
-3.1856796e-08
-3.2110634e-08
-3.1941408e-08
-3.1856796e-08
-3.2195249e-08
-3.1983713e-08
-3.2364472e-08
-3.2068328e-08
-3.2026023e-08
-3.2491393e-08
-3.1899102e-08
-3.2026023e-08
-3.1814491e-08
-3.1560649e-08
-3.1729876e-08
-3.1899102e-08
-3.2195249e-08
-3.2026023e-08
-3.1222196e-08
-3.1645264e-08
-3.2195249e-08
-3.2618313e-08
-3.2576008e-08
-3.1856796e-08
-3.1814491e-08
-3.1899102e-08
-3.1899102e-08
-3.1941408e-08
-3.2110634e-08
-3.2660619e-08
-3.2279861e-08
-3.1814491e-08
-3.2576008e-08
-3.2576008e-08
-3.2279861e-08
-3.2406781e-08
-3.2406781e-08
-3.2110634e-08
-3.2026023e-08
-3.1941408e-08
-3.2237555e-08
-3.1983713e-08
-3.1983713e-08
-3.1476038e-08
-3.1476038e-08
-3.3125989e-08
-3.2829846e-08
-3.1433732e-08
-3.1941408e-08
-3.1856796e-08
-3.2237555e-08
-3.3041378e-08
-3.1899102e-08
-3.1602955e-08
-3.1814491e-08
-3.1518343e-08
-3.1391423e-08
-3.1772181e-08
-3.2576008e-08
-3.2618313e-08
-3.2068328e-08
-3.1941408e-08
-3.2026023e-08
-3.215294e-08
-3.1983713e-08
-3.1983713e-08
-3.2491393e-08
-3.2745231e-08
-3.2406781e-08
-3.1856796e-08
-3.1941408e-08
-3.2322166e-08
-3.2872151e-08
-3.3125989e-08
-3.2829846e-08
-3.2068328e-08
-3.1772181e-08
-3.1814491e-08
-3.2110634e-08
-3.2279861e-08
-3.2702925e-08
-3.2745231e-08
-3.2237555e-08
-3.2322166e-08
-3.2533698e-08
-3.2618313e-08
-3.215294e-08
-3.1899102e-08
-3.2110634e-08
-3.2026023e-08
-3.1772181e-08
-3.2406781e-08
-3.2322166e-08
-3.2449087e-08
-3.2364472e-08
-3.1772181e-08
-3.1856796e-08
-3.1899102e-08
-3.1518343e-08
-3.1433732e-08
-3.1899102e-08
-3.1433732e-08
-3.2110634e-08
-3.168757e-08
-3.1391423e-08
-3.2195249e-08
-3.2491393e-08
-3.215294e-08
-3.1983713e-08
-3.1645264e-08
-3.1856796e-08
-3.2491393e-08
-3.2195249e-08
-3.2026023e-08
-3.2364472e-08
-3.3083683e-08
-3.2660619e-08
-3.1983713e-08
-3.2068328e-08
-3.2237555e-08
-3.2406781e-08
-3.1941408e-08
-3.1899102e-08
-3.1645264e-08
-3.2237555e-08
-3.2449087e-08
-3.2533698e-08
-3.1814491e-08
-3.1856796e-08
-3.2068328e-08
-3.1772181e-08
-3.1856796e-08
-3.1645264e-08
-3.1645264e-08
-3.215294e-08
-3.2576008e-08
-3.2745231e-08
-3.2533698e-08
-3.2406781e-08
-3.1856796e-08
-3.2491393e-08
-3.2026023e-08
-3.2068328e-08
-3.2364472e-08
-3.1856796e-08
-3.1518343e-08
-3.1941408e-08
-3.1856796e-08
-3.1983713e-08
-3.2237555e-08
-3.168757e-08
-3.168757e-08
-3.2279861e-08
-3.2618313e-08
-3.2068328e-08
-3.1814491e-08
-3.1602955e-08
-3.1814491e-08
-3.1518343e-08
-3.1391423e-08
-3.1518343e-08
-3.1645264e-08
-3.2110634e-08
-3.2279861e-08
-3.1983713e-08
-3.1179891e-08
-3.0376068e-08
-3.1095279e-08
-3.1518343e-08
-3.1349117e-08
-3.1729876e-08
-3.1941408e-08
-3.1602955e-08
-3.1518343e-08
-3.1602955e-08
-3.1476038e-08
-3.1518343e-08
-3.1772181e-08
-3.1602955e-08
-3.1010664e-08
-3.0799132e-08
-3.0841438e-08
-3.0926053e-08
-3.1052974e-08
-3.1137585e-08
-3.0714521e-08
-3.0206841e-08
-3.0037615e-08
-3.0079921e-08
-3.0333762e-08
-3.0333762e-08
-3.012223e-08
-3.0249147e-08
-3.0460679e-08
-3.0502989e-08
-3.0545294e-08
-3.0079921e-08
-2.9656857e-08
-2.9868389e-08
-3.0164536e-08
-2.9953004e-08
-2.9529938e-08
-2.9233792e-08
-2.9403019e-08
-2.9360711e-08
-2.8895339e-08
-2.8895339e-08
-2.9106873e-08
-2.9233792e-08
-2.9318405e-08
-2.9191487e-08
-2.8768421e-08
-2.8683807e-08
-2.8429969e-08
-2.8218436e-08
-2.8683807e-08
-2.8726115e-08
-2.8345356e-08
-2.7879985e-08
-2.7287694e-08
-2.7414613e-08
-2.733e-08
-2.7245386e-08
-2.7245386e-08
-2.6780015e-08
-2.6695401e-08
-2.6695401e-08
-2.6060805e-08
-2.5933884e-08
-2.6145418e-08
-2.5976192e-08
-2.5341594e-08
-2.5637739e-08
-2.5426207e-08
-2.5256981e-08
-2.4833916e-08
-2.4706997e-08
-2.4072399e-08
-2.3903173e-08
-2.3733946e-08
-2.3776254e-08
-2.3607027e-08
-2.3226269e-08
-2.2972429e-08
-2.3014737e-08
-2.2930124e-08
-2.2295525e-08
-2.1957074e-08
-2.1957074e-08
-2.1830155e-08
-2.1703235e-08
-2.1322476e-08
-2.1237863e-08
-2.068788e-08
-2.0603267e-08
-1.984175e-08
-2.0349427e-08
-2.1534008e-08
-2.1745542e-08
-2.1703235e-08
-2.1364784e-08
-2.1068638e-08
-2.0857104e-08
-2.0349427e-08
-1.9757136e-08
-1.9545604e-08
-1.8995619e-08
-1.8657166e-08
-1.8191795e-08
-1.7980263e-08
-1.7514891e-08
-1.69226e-08
-1.6584149e-08
-1.6161083e-08
-1.5695711e-08
-1.535726e-08
-1.4934194e-08
-1.451113e-08
-1.451113e-08
-1.425729e-08
-1.3876533e-08
-1.3326548e-08
-1.281887e-08
-1.2438111e-08
-1.2184272e-08
-1.1761207e-08
-1.1211223e-08
-1.0703545e-08
-1.0111254e-08
-9.6881889e-09
-9.138204e-09
-8.6728331e-09
-8.0805416e-09
-7.699783e-09
-7.1497985e-09
-6.6844272e-09
-6.2190555e-09
-5.838297e-09
-5.3306191e-09
-4.738328e-09
-4.3152633e-09
-3.7652788e-09
-3.2576006e-09
-2.8345355e-09
-2.284551e-09
-1.9037925e-09
-1.523034e-09
-1.015356e-09
-5.9229099e-10
-4.2306502e-11
3.8075851e-10
8.4613e-10
1.2691951e-09
1.8191796e-09
2.3268576e-09
2.7499225e-09
3.38452e-09
3.8075849e-09
4.1460373e-09
4.6114086e-09
5.0344737e-09
5.4152323e-09
5.8806036e-09
6.5575079e-09
7.0651858e-09
7.5728641e-09
8.0805416e-09
8.4613001e-09
8.9689784e-09
9.3920436e-09
9.8151078e-09
1.0195866e-08
1.0745851e-08
1.1168916e-08
1.1718901e-08
1.2353499e-08
1.2776563e-08
1.3199628e-08
1.3707306e-08
1.4130372e-08
1.4638049e-08
1.5061115e-08
1.5526487e-08
1.5991857e-08
1.6457228e-08
1.6795681e-08
1.7345666e-08
1.7937957e-08
1.8403329e-08
1.88687e-08
1.933407e-08
1.9926363e-08
2.0349427e-08
2.0730186e-08
2.1280171e-08
2.1703235e-08
2.2126301e-08
2.2507059e-08
2.309935e-08
2.3607027e-08
2.3987786e-08
2.4453158e-08
2.4960835e-08
2.551082e-08
2.5976192e-08
2.6483869e-08
2.7033854e-08
2.7456919e-08
2.8006903e-08
2.8556888e-08
2.8937647e-08
2.9445324e-08
2.9953004e-08
3.0333762e-08
3.0799132e-08
3.1306811e-08
3.1856796e-08
3.2449087e-08
3.2999072e-08
3.3549057e-08
3.3929815e-08
3.4437491e-08
3.4902865e-08
3.5283623e-08
3.5960525e-08
3.6383589e-08
3.6891269e-08
3.7483559e-08
3.807585e-08
3.8456609e-08
3.8668141e-08
3.9218126e-08
3.9683499e-08
4.027579e-08
4.074116e-08
4.1291145e-08
4.1883435e-08
4.2264194e-08
4.2518035e-08
4.2983405e-08
4.3491085e-08
4.4083375e-08
4.4591051e-08
4.5056424e-08
4.5648715e-08
4.6114085e-08
4.666407e-08
4.7214055e-08
4.7679428e-08
4.8187104e-08
4.8610168e-08
4.9202463e-08
4.9794753e-08
5.0302429e-08
5.0810108e-08
5.1317787e-08
5.1867769e-08
5.2248527e-08
5.2756207e-08
5.3136965e-08
5.3560029e-08
5.4110014e-08
5.4744614e-08
5.5209984e-08
5.5506131e-08
5.588689e-08
5.6267648e-08
5.6648407e-08
5.7156083e-08
5.7706067e-08
5.8213747e-08
5.8636811e-08
5.9229102e-08
5.9567554e-08
6.007523e-08
6.0413683e-08
6.0836747e-08
6.1429041e-08
6.2021329e-08
6.2655928e-08
6.3078993e-08
6.3586668e-08
6.4094351e-08
6.447511e-08
6.5025091e-08
6.5532774e-08
6.5955838e-08
6.6548125e-08
6.7013495e-08
6.7521178e-08
6.8028854e-08
6.8536529e-08
6.9001906e-08
6.9424971e-08
6.9848035e-08
7.0355711e-08
7.0821081e-08
7.145568e-08
7.2132586e-08
7.2682568e-08
7.3063326e-08
7.3613315e-08
7.412099e-08
7.4459443e-08
7.4840202e-08
7.5390183e-08
7.6024783e-08
7.6490153e-08
7.6955523e-08
7.7590123e-08
7.8140104e-08
7.8647787e-08
7.9197768e-08
7.9536221e-08
8.0001591e-08
8.0509274e-08
8.1101561e-08
8.1566931e-08
8.2116919e-08
8.2666901e-08
8.3259195e-08
8.3766871e-08
8.4274554e-08
8.4782229e-08
8.5416829e-08
8.5797588e-08
8.6474486e-08
8.7109086e-08
8.7574456e-08
8.8039826e-08
8.8674426e-08
8.9182102e-08
8.9774396e-08
9.0282072e-08
9.0705136e-08
9.1255124e-08
9.1635883e-08
9.222817e-08
9.2778158e-08
9.3201223e-08
9.3751204e-08
9.4216581e-08
9.4808868e-08
9.5358857e-08
9.5866532e-08
9.6374208e-08
9.6924197e-08
9.7474178e-08
9.7939548e-08
9.8531842e-08
9.9166442e-08
9.9631812e-08
1.0013949e-07
1.0073178e-07
1.0128176e-07
1.0166252e-07
1.0208559e-07
1.0267788e-07
1.0322786e-07
1.0377785e-07
1.0437014e-07
1.047509e-07
1.0521627e-07
1.0589317e-07
1.0631624e-07
1.0682392e-07
1.0716236e-07
1.0758544e-07
1.0817772e-07
1.086854e-07
1.0915078e-07
1.0957384e-07
1.1008152e-07
1.1058919e-07
1.1109687e-07
1.1156224e-07
1.11943e-07
1.1249298e-07
1.1316989e-07
1.1363526e-07
1.1393141e-07
1.145237e-07
1.1503138e-07
1.1558136e-07
1.1600443e-07
1.1659672e-07
1.171467e-07
1.1765438e-07
1.1799283e-07
1.1850051e-07
1.1917741e-07
1.1998124e-07
1.2053123e-07
1.2095428e-07
1.2146197e-07
1.2201195e-07
1.2260423e-07
1.22985e-07
1.2345038e-07
1.2408496e-07
1.2459265e-07
1.2510033e-07
1.256503e-07
1.2607337e-07
1.2662336e-07
1.2717334e-07
1.2763871e-07
1.281464e-07
1.2861176e-07
1.2907714e-07
1.2962713e-07
1.3021941e-07
1.308117e-07
1.3131938e-07
1.3191168e-07
1.3241934e-07
1.3296933e-07
1.3356163e-07
1.3398468e-07
1.3445006e-07
1.3500005e-07
1.3563464e-07
1.3605771e-07
1.3673461e-07
1.3745382e-07
1.3787688e-07
1.3834226e-07
1.3872302e-07
1.3906147e-07
1.3884994e-07
1.3851148e-07
1.3817304e-07
1.3791919e-07
1.3766535e-07
1.372423e-07
1.3703075e-07
1.3656539e-07
1.3614232e-07
1.3571926e-07
1.3546541e-07
1.3508466e-07
1.347462e-07
1.3440776e-07
1.340693e-07
1.3364624e-07
1.3313856e-07
1.327578e-07
1.3237704e-07
1.3195398e-07
1.314463e-07
1.3093862e-07
1.3068478e-07
1.3047325e-07
1.2996557e-07
1.2962713e-07
1.2924636e-07
1.2873868e-07
1.2831562e-07
1.2797716e-07
1.2759641e-07
1.2717334e-07
1.2662336e-07
1.2611568e-07
1.25608e-07
1.2510033e-07
1.2476187e-07
1.2438112e-07
1.2408496e-07
1.236196e-07
1.2306961e-07
1.2251962e-07
1.2201195e-07
1.2150427e-07
1.2112351e-07
1.2070045e-07
1.2040431e-07
1.1993893e-07
1.1938894e-07
1.1900818e-07
1.1850051e-07
1.1820436e-07
1.1752746e-07
1.1685056e-07
1.1659672e-07
1.1621596e-07
1.1575059e-07
1.1524291e-07
1.1503138e-07
1.1465062e-07
1.1422755e-07
1.138468e-07
1.1346604e-07
1.1295836e-07
1.1249298e-07
1.11943e-07
1.1156224e-07
1.1113918e-07
1.1058919e-07
1.1016613e-07
1.0978537e-07
1.093623e-07
1.0893924e-07
1.0847387e-07
1.0809311e-07
1.0762774e-07
1.0716236e-07
1.0682392e-07
1.0648547e-07
1.0597778e-07
1.0563933e-07
1.0508935e-07
1.0445475e-07
1.0398938e-07
1.0365093e-07
1.0335478e-07
1.0293171e-07
1.0246634e-07
1.0204328e-07
1.0157791e-07
1.0119715e-07
1.0068948e-07
1.002241e-07
9.9843341e-08
9.9377971e-08
9.9039518e-08
9.8658759e-08
9.8278001e-08
9.7643408e-08
9.7304955e-08
9.6881891e-08
9.6416514e-08
9.5866532e-08
9.5358857e-08
9.5147321e-08
9.4851174e-08
9.4258887e-08
9.3751204e-08
9.3243528e-08
9.286277e-08
9.2524317e-08
9.2058947e-08
9.1678189e-08
9.1212819e-08
9.0747442e-08
9.0239766e-08
8.9816702e-08
8.9435943e-08
8.9139796e-08
8.863212e-08
8.8124445e-08
8.7574456e-08
8.7151392e-08
8.6686022e-08
8.6347569e-08
8.6009116e-08
8.5459135e-08
8.4909146e-08
8.4359165e-08
8.3936101e-08
8.3470724e-08
8.3047659e-08
8.2666901e-08
8.2243837e-08
8.1693855e-08
8.1186172e-08
8.0805414e-08
8.0466968e-08
8.0001591e-08
7.945161e-08
7.898624e-08
7.8309334e-08
7.788627e-08
7.7505511e-08
7.6997836e-08
7.6574764e-08
7.61517e-08
7.5644024e-08
7.5263266e-08
7.4628666e-08
7.412099e-08
7.3782537e-08
7.319025e-08
7.2724873e-08
7.238642e-08
7.2005662e-08
7.145568e-08
7.0905699e-08
7.0524941e-08
7.0101869e-08
6.9594194e-08
6.8959594e-08
6.8494224e-08
6.8240389e-08
6.7901937e-08
6.7478872e-08
6.6886578e-08
6.6294284e-08
6.5744302e-08
6.5236627e-08
6.4813563e-08
6.4390498e-08
6.3967427e-08
6.3586668e-08
6.3121298e-08
6.2782846e-08
6.2402087e-08
6.1979023e-08
6.1555959e-08
6.1217506e-08
6.0752136e-08
6.0286766e-08
5.9906007e-08
5.9313713e-08
5.8848343e-08
5.8425279e-08
5.804452e-08
5.7579147e-08
5.7071471e-08
5.647918e-08
5.588689e-08
5.5463822e-08
5.4913837e-08
5.4659999e-08
5.4321546e-08
5.3940788e-08
5.3433112e-08
5.2840821e-08
5.2375448e-08
5.1994689e-08
5.1656237e-08
5.1275478e-08
5.0767802e-08
5.0217817e-08
4.9752444e-08
4.9413995e-08
4.8821704e-08
4.8483251e-08
4.8060187e-08
4.7679428e-08
4.7256361e-08
4.6748685e-08
4.6241006e-08
4.5860247e-08
4.5479489e-08
4.5014119e-08
4.4506439e-08
4.4041069e-08
4.3618002e-08
4.3279552e-08
4.2729567e-08
4.2179582e-08
4.1714209e-08
4.137576e-08
4.086808e-08
4.0529628e-08
4.0106563e-08
3.964119e-08
3.917582e-08
3.871045e-08
3.8160465e-08
3.7737401e-08
3.7441254e-08
3.7018189e-08
3.6468204e-08
3.5960525e-08
3.5325929e-08
3.4733638e-08
3.4395185e-08
3.3802895e-08
3.3422136e-08
3.3041378e-08
3.2533698e-08
3.2068328e-08
3.1518343e-08
3.1095279e-08
3.0629906e-08
3.0037615e-08
2.9529938e-08
2.902226e-08
2.8641502e-08
2.8260743e-08
2.7710758e-08
2.7033854e-08
2.6526177e-08
2.6018498e-08
2.551082e-08
2.5003143e-08
2.4622384e-08
2.4199318e-08
2.381856e-08
2.3395495e-08
2.2930124e-08
2.2507059e-08
2.2041688e-08
2.1534008e-08
2.1068638e-08
2.0645572e-08
2.0180201e-08
1.9672523e-08
1.9207151e-08
1.8657166e-08
1.8191795e-08
1.7811036e-08
1.7387972e-08
1.7049519e-08
1.6541842e-08
1.6161083e-08
1.5653406e-08
1.523034e-08
1.4807275e-08
1.4426517e-08
1.3834226e-08
1.3284241e-08
1.2903483e-08
1.2565031e-08
1.2057352e-08
1.1634288e-08
1.1168916e-08
1.0788158e-08
1.0365093e-08
9.899721e-09
9.3074304e-09
8.799752e-09
8.4189935e-09
7.9959284e-09
7.5728641e-09
7.1074924e-09
6.76904e-09
6.3882815e-09
6.0075234e-09
5.4152323e-09
4.9921671e-09
4.569102e-09
3.9345047e-09
3.38452e-09
3.0037617e-09
2.6230031e-09
2.199938e-09
1.8191796e-09
1.3538081e-09
9.3074304e-10
5.0767801e-10
-4.2306502e-11
-4.6537152e-10
-8.4613e-10
-1.2691951e-09
-1.69226e-09
-2.199938e-09
-2.7922291e-09
-3.299907e-09
-3.7652788e-09
-4.1883434e-09
-4.399876e-09
-4.7806346e-09
-5.2460063e-09
-5.7959908e-09
-6.2613621e-09
-6.6844272e-09
-7.2344117e-09
-7.699783e-09
-8.1228482e-09
-8.5882199e-09
-9.2228172e-09
-9.7304955e-09
-9.9843342e-09
-1.0492013e-08
-1.099969e-08
-1.1380449e-08
-1.1888127e-08
-1.2438111e-08
-1.2903483e-08
-1.3368854e-08
-1.3665e-08
-1.4088065e-08
-1.4595743e-08
-1.5018808e-08
-1.5526487e-08
-1.6034164e-08
-1.6584149e-08
-1.7091827e-08
-1.7684117e-08
-1.8107183e-08
-1.8487942e-08
-1.8953312e-08
-1.933407e-08
-1.9757136e-08
-2.0349427e-08
-2.1068638e-08
-2.1491703e-08
-2.1957074e-08
-2.2380139e-08
-2.2760897e-08
-2.3310882e-08
-2.3607027e-08
-2.4157012e-08
-2.4876222e-08
-2.5299288e-08
-2.5722352e-08
-2.6060805e-08
-2.6441564e-08
-2.6864628e-08
-2.7160773e-08
-2.7710758e-08
-2.8006903e-08
-2.8556888e-08
-2.8979953e-08
-2.9656857e-08
-2.9910698e-08
-3.0249147e-08
-3.05876e-08
-3.1179891e-08
-3.1772181e-08
-3.2322166e-08
-3.2702925e-08
-3.3041378e-08
-3.3210604e-08
-3.0418374e-08
-2.5003143e-08
-2.3226269e-08
-2.2760897e-08
-2.3141656e-08
-2.3437801e-08
-2.3522414e-08
-2.381856e-08
-2.3649335e-08
-2.4072399e-08
-2.4495463e-08
-2.4495463e-08
-2.4706997e-08
-2.4960835e-08
-2.5172369e-08
-2.5426207e-08
-2.5468514e-08
-2.5976192e-08
-2.5595433e-08
-2.6103111e-08
-2.6399256e-08
-2.6103111e-08
-2.6568483e-08
-2.6906935e-08
-2.7160773e-08
-2.7456919e-08
-2.6864628e-08
-2.707616e-08
-2.7583839e-08
-2.7541532e-08
-2.792229e-08
-2.792229e-08
-2.7964598e-08
-2.8303049e-08
-2.8429969e-08
-2.8514581e-08
-2.8303049e-08
-2.8514581e-08
-2.8641502e-08
-2.8556888e-08
-2.9106873e-08
-2.9233792e-08
-2.9276098e-08
-2.9487632e-08
-2.974147e-08
-2.8979953e-08
-2.9064566e-08
-2.9445324e-08
-2.9656857e-08
-2.9318405e-08
-2.9318405e-08
-2.9276098e-08
-2.9995309e-08
-2.9995309e-08
-3.0672215e-08
-3.0672215e-08
-3.0926053e-08
-3.1010664e-08
-3.0799132e-08
-3.1052974e-08
-3.1052974e-08
-3.1052974e-08
-3.1222196e-08
-3.1560649e-08
-3.1983713e-08
-3.1560649e-08
-3.1729876e-08
-3.1772181e-08
-3.1264506e-08
-3.1052974e-08
-3.1095279e-08
-3.1264506e-08
-3.1518343e-08
-3.1222196e-08
-3.1349117e-08
-3.1772181e-08
-3.1602955e-08
-3.215294e-08
-3.2195249e-08
-3.2195249e-08
-3.1856796e-08
-3.1137585e-08
-3.1010664e-08
-3.1560649e-08
-3.1814491e-08
-3.1814491e-08
-3.1306811e-08
-3.1222196e-08
-3.1306811e-08
-3.1729876e-08
-3.1772181e-08
-3.1899102e-08
-3.2068328e-08
-3.1899102e-08
-3.1983713e-08
-3.215294e-08
-3.2618313e-08
-3.2533698e-08
-3.1899102e-08
-3.1306811e-08
-3.1602955e-08
-3.1560649e-08
-3.1983713e-08
-3.2195249e-08
-3.1941408e-08
-3.1899102e-08
-3.278754e-08
-3.2110634e-08
-3.1814491e-08
-3.1856796e-08
-3.2322166e-08
-3.2829846e-08
-3.2576008e-08
-3.2322166e-08
-3.2702925e-08
-3.2364472e-08
-3.2872151e-08
-3.2829846e-08
-3.3295215e-08
-3.2956763e-08
-3.2702925e-08
-3.2618313e-08
-3.2449087e-08
-3.1941408e-08
-3.2449087e-08
-3.2364472e-08
-3.2576008e-08
-3.2406781e-08
-3.2068328e-08
-3.2322166e-08
-3.2829846e-08
-3.2829846e-08
-3.2364472e-08
-3.2237555e-08
-3.2449087e-08
-3.2406781e-08
-3.2745231e-08
-3.3295215e-08
-3.325291e-08
-3.2829846e-08
-3.2533698e-08
-3.278754e-08
-3.2322166e-08
-3.2026023e-08
-3.215294e-08
-3.1983713e-08
-3.2322166e-08
-3.2914457e-08
-3.2914457e-08
-3.3083683e-08
-3.3041378e-08
-3.2702925e-08
-3.2279861e-08
-3.2745231e-08
-3.2956763e-08
-3.2956763e-08
-3.2914457e-08
-3.3210604e-08
-3.337983e-08
-3.3633668e-08
-3.2914457e-08
-3.2702925e-08
-3.2745231e-08
-3.2406781e-08
-3.2195249e-08
-3.2237555e-08
-3.2576008e-08
-3.2491393e-08
-3.2491393e-08
-3.3168298e-08
-3.2999072e-08
-3.3041378e-08
-3.2364472e-08
-3.2576008e-08
-3.2829846e-08
-3.3633668e-08
-3.3422136e-08
-3.2406781e-08
-3.2322166e-08
-3.2322166e-08
-3.3125989e-08
-3.3041378e-08
-3.2956763e-08
-3.278754e-08
-3.2279861e-08
-3.2449087e-08
-3.2322166e-08
-3.215294e-08
-3.2237555e-08
-3.2914457e-08
-3.3337521e-08
-3.2999072e-08
-3.2956763e-08
-3.2999072e-08
-3.2872151e-08
-3.1941408e-08
-3.1899102e-08
-3.2829846e-08
-3.3295215e-08
-3.2533698e-08
-3.2322166e-08
-3.2406781e-08
-3.2660619e-08
-3.2660619e-08
-3.2237555e-08
-3.2829846e-08
-3.2237555e-08
-3.2449087e-08
-3.2576008e-08
-3.2449087e-08
-3.2364472e-08
-3.2660619e-08
-3.3337521e-08
-3.325291e-08
-3.2829846e-08
-3.2491393e-08
-3.2660619e-08
-3.2829846e-08
-3.2618313e-08
-3.3041378e-08
-3.2618313e-08
-3.325291e-08
-3.2576008e-08
-3.2533698e-08
-3.2618313e-08
-3.3083683e-08
-3.2576008e-08
-3.2999072e-08
-3.2745231e-08
-3.2914457e-08
-3.2449087e-08
-3.2364472e-08
-3.2745231e-08
-3.2279861e-08
-3.2914457e-08
-3.2576008e-08
-3.325291e-08
-3.2872151e-08
-3.2449087e-08
-3.2491393e-08
-3.2618313e-08
-3.2491393e-08
-3.2322166e-08
-3.2195249e-08
-3.2195249e-08
-3.2745231e-08
-3.2576008e-08
-3.3337521e-08
-3.3210604e-08
-3.2660619e-08
-3.2702925e-08
-3.2745231e-08
-3.2237555e-08
-3.2660619e-08
-3.3422136e-08
-3.278754e-08
-3.2026023e-08
-3.3168298e-08
-3.371828e-08
-3.3633668e-08
-3.337983e-08
-3.2872151e-08
-3.2829846e-08
-3.2660619e-08
-3.2364472e-08
-3.2195249e-08
-3.2660619e-08
-3.2322166e-08
-3.2872151e-08
-3.2576008e-08
-3.2364472e-08
-3.2279861e-08
-3.2491393e-08
-3.3083683e-08
-3.278754e-08
-3.2364472e-08
-3.2491393e-08
-3.215294e-08
-3.2322166e-08
-3.2533698e-08
-3.215294e-08
-3.278754e-08
-3.3337521e-08
-3.2999072e-08
-3.3041378e-08
-3.2956763e-08
-3.2660619e-08
-3.2406781e-08
-3.2618313e-08
-3.2829846e-08
-3.2829846e-08
-3.2660619e-08
-3.3125989e-08
-3.2956763e-08
-3.3168298e-08
-3.2576008e-08
-3.2745231e-08
-3.2618313e-08
-3.2576008e-08
-3.2195249e-08
-3.2026023e-08
-3.2110634e-08
-3.2279861e-08
-3.2068328e-08
-3.2449087e-08
-3.2660619e-08
-3.2999072e-08
-3.278754e-08
-3.2829846e-08
-3.3125989e-08
-3.3506748e-08
-3.2956763e-08
-3.2195249e-08
-3.2195249e-08
-3.2576008e-08
-3.3083683e-08
-3.2406781e-08
-3.2279861e-08
-3.278754e-08
-3.3337521e-08
-3.2956763e-08
-3.2576008e-08
-3.2872151e-08
-3.3295215e-08
-3.2745231e-08
-3.2491393e-08
-3.2829846e-08
-3.3295215e-08
-3.2660619e-08
-3.2956763e-08
-3.2322166e-08
-3.2322166e-08
-3.2406781e-08
-3.2406781e-08
-3.278754e-08
-3.3041378e-08
-3.2618313e-08
-3.2829846e-08
-3.3041378e-08
-3.3083683e-08
-3.2406781e-08
-3.2237555e-08
-3.2533698e-08
-3.2406781e-08
-3.2576008e-08
-3.2491393e-08
-3.2364472e-08
-3.2491393e-08
-3.2533698e-08
-3.2745231e-08
-3.3168298e-08
-3.2533698e-08
-3.2279861e-08
-3.2237555e-08
-3.2702925e-08
-3.2702925e-08
-3.3041378e-08
-3.2449087e-08
-3.2829846e-08
-3.2406781e-08
-3.2956763e-08
-3.337983e-08
-3.2999072e-08
-3.2829846e-08
-3.2322166e-08
-3.2618313e-08
-3.2491393e-08
-3.2364472e-08
-3.2618313e-08
-3.2999072e-08
-3.2914457e-08
-3.3168298e-08
-3.2956763e-08
-3.2999072e-08
-3.2829846e-08
-3.2449087e-08
-3.2745231e-08
-3.2491393e-08
-3.2702925e-08
-3.2999072e-08
-3.2956763e-08
-3.2872151e-08
-3.2491393e-08
-3.2576008e-08
-3.2999072e-08
-3.2872151e-08
-3.2364472e-08
-3.2068328e-08
-3.2533698e-08
-3.2449087e-08
-3.2745231e-08
-3.3168298e-08
-3.3041378e-08
-3.2660619e-08
-3.278754e-08
-3.1983713e-08
-3.168757e-08
-3.2618313e-08
-3.2110634e-08
-3.2279861e-08
-3.2449087e-08
-3.2576008e-08
-3.215294e-08
-3.2279861e-08
-3.2533698e-08
-3.2914457e-08
-3.2956763e-08
-3.2872151e-08
-3.2660619e-08
-3.2745231e-08
-3.2660619e-08
-3.2576008e-08
-3.2702925e-08
-3.2702925e-08
-3.2322166e-08
-3.2449087e-08
-3.2110634e-08
-3.2237555e-08
-3.2914457e-08
-3.2914457e-08
-3.2491393e-08
-3.2829846e-08
-3.3337521e-08
-3.2872151e-08
-3.3422136e-08
-3.3295215e-08
-3.2956763e-08
-3.2491393e-08
-3.2406781e-08
-3.2364472e-08
-3.2702925e-08
-3.2702925e-08
-3.2406781e-08
-3.2322166e-08
-3.2195249e-08
-3.1899102e-08
-3.2279861e-08
-3.2195249e-08
-3.2237555e-08
-3.3083683e-08
-3.278754e-08
-3.2195249e-08
-3.2745231e-08
-3.2702925e-08
-3.2406781e-08
-3.2914457e-08
-3.3422136e-08
-3.3210604e-08
-3.2829846e-08
-3.2322166e-08
-3.2364472e-08
-3.2956763e-08
-3.2956763e-08
-3.3295215e-08
-3.3083683e-08
-3.2956763e-08
-3.2449087e-08
-3.2491393e-08
-3.2702925e-08
-3.2745231e-08
-3.2406781e-08
-3.2449087e-08
-3.215294e-08
-3.2110634e-08
-3.2110634e-08
-3.2576008e-08
-3.2660619e-08
-3.2702925e-08
-3.2237555e-08
-3.2406781e-08
-3.1814491e-08
-3.2279861e-08
-3.1941408e-08
-3.2237555e-08
-3.2914457e-08
-3.2449087e-08
-3.3210604e-08
-3.2745231e-08
-3.2702925e-08
-3.2576008e-08
-3.2195249e-08
-3.168757e-08
-3.1941408e-08
-3.2576008e-08
-3.2745231e-08
-3.3041378e-08
-3.337983e-08
-3.278754e-08
-3.2364472e-08
-3.1983713e-08
-3.2195249e-08
-3.2576008e-08
-3.2618313e-08
-3.2872151e-08
-3.3083683e-08
-3.2660619e-08
-3.3041378e-08
-3.2956763e-08
-3.2449087e-08
-3.2449087e-08
-3.2702925e-08
-3.2872151e-08
-3.3210604e-08
-3.1814491e-08
-3.2026023e-08
-3.215294e-08
-3.1645264e-08
-3.2026023e-08
-3.1856796e-08
-3.2406781e-08
-3.2872151e-08
-3.3083683e-08
-3.3506748e-08
-3.278754e-08
-3.2364472e-08
-3.2872151e-08
-3.3125989e-08
-3.2618313e-08
-3.2745231e-08
-3.2956763e-08
-3.2829846e-08
-3.2406781e-08
-3.2026023e-08
-3.1772181e-08
-3.2026023e-08
-3.2406781e-08
-3.2279861e-08
-3.2322166e-08
-3.2322166e-08
-3.2322166e-08
-3.2533698e-08
-3.2406781e-08
-3.2068328e-08
-3.2660619e-08
-3.2745231e-08
-3.2491393e-08
-3.215294e-08
-3.1856796e-08
-3.1941408e-08
-3.2195249e-08
-3.2449087e-08
-3.3041378e-08
-3.3168298e-08
-3.2533698e-08
-3.2279861e-08
-3.215294e-08
-3.1772181e-08
-3.1941408e-08
-3.2533698e-08
-3.2914457e-08
-3.2618313e-08
-3.2829846e-08
-3.2999072e-08
-3.2745231e-08
-3.325291e-08
-3.2872151e-08
-3.2618313e-08
-3.2914457e-08
-3.2618313e-08
-3.2914457e-08
-3.2914457e-08
-3.2491393e-08
-3.1899102e-08
-3.2195249e-08
-3.2745231e-08
-3.3210604e-08
-3.278754e-08
-3.2237555e-08
-3.2195249e-08
-3.278754e-08
-3.278754e-08
-3.278754e-08
-3.2872151e-08
-3.2026023e-08
-3.2576008e-08
-3.2068328e-08
-3.1941408e-08
-3.2406781e-08
-3.2237555e-08
-3.2068328e-08
-3.2322166e-08
-3.2829846e-08
-3.2449087e-08
-3.1856796e-08
-3.2322166e-08
-3.2068328e-08
-3.2068328e-08
-3.2829846e-08
-3.2956763e-08
-3.2956763e-08
-3.2956763e-08
-3.325291e-08
-3.3041378e-08
-3.2533698e-08
-3.2914457e-08
-3.2745231e-08
-3.2449087e-08
-3.2491393e-08
-3.2702925e-08
-3.2872151e-08
-3.3041378e-08
-3.2576008e-08
-3.3041378e-08
-3.337983e-08
-3.2745231e-08
-3.2660619e-08
-3.3168298e-08
-3.3337521e-08
-3.3083683e-08
-3.2068328e-08
-3.1941408e-08
-3.2829846e-08
-3.2491393e-08
-3.2576008e-08
-3.2956763e-08
-3.278754e-08
-3.2026023e-08
-3.1433732e-08
-3.2195249e-08
-3.2702925e-08
-3.3210604e-08
-3.2195249e-08
-3.2533698e-08
-3.1941408e-08
-3.2110634e-08
-3.215294e-08
-3.2406781e-08
-3.2364472e-08
-3.1941408e-08
-3.2322166e-08
-3.2279861e-08
-3.278754e-08
-3.2872151e-08
-3.3422136e-08
-3.2322166e-08
-3.1899102e-08
-3.1899102e-08
-3.1899102e-08
-3.2237555e-08
-3.215294e-08
-3.1602955e-08
-3.2491393e-08
-3.2956763e-08
-3.2618313e-08
-3.2491393e-08
-3.2491393e-08
-3.2195249e-08
-3.1856796e-08
-3.2237555e-08
-3.215294e-08
-3.2322166e-08
-3.2618313e-08
-3.278754e-08
-3.2745231e-08
-3.2322166e-08
-3.2026023e-08
-3.2745231e-08
-3.2449087e-08
-3.2364472e-08
-3.2406781e-08
-3.2660619e-08
-3.2618313e-08
-3.2956763e-08
-3.2745231e-08
-3.2576008e-08
-3.2745231e-08
-3.3041378e-08
-3.278754e-08
-3.2914457e-08
-3.2829846e-08
-3.2576008e-08
-3.2999072e-08
-3.2872151e-08
-3.2702925e-08
-3.2872151e-08
-3.215294e-08
-3.1645264e-08
-3.1772181e-08
-3.2237555e-08
-3.2364472e-08
-3.2068328e-08
-3.1899102e-08
-3.215294e-08
-3.2237555e-08
-3.2576008e-08
-3.2576008e-08
-3.1645264e-08
-3.2322166e-08
-3.2237555e-08
-3.1814491e-08
-3.2279861e-08
-3.2449087e-08
-3.2618313e-08
-3.2449087e-08
-3.2491393e-08
-3.278754e-08
-3.278754e-08
-3.2491393e-08
-3.2026023e-08
-3.2322166e-08
-3.2449087e-08
-3.2364472e-08
-3.2322166e-08
-3.215294e-08
-3.1983713e-08
-3.2110634e-08
-3.2449087e-08
-3.2576008e-08
-3.2576008e-08
-3.2491393e-08
-3.1899102e-08
-3.2449087e-08
-3.2914457e-08
-3.2406781e-08
-3.2618313e-08
-3.3041378e-08
-3.2406781e-08
-3.2660619e-08
-3.2322166e-08
-3.2026023e-08
-3.2068328e-08
-3.2110634e-08
-3.1899102e-08
-3.2449087e-08
-3.2956763e-08
-3.278754e-08
-3.2872151e-08
-3.2660619e-08
-3.1983713e-08
-3.2322166e-08
-3.2533698e-08
-3.3210604e-08
-3.337983e-08
-3.2491393e-08
-3.2237555e-08
-3.278754e-08
-3.2279861e-08
-3.2576008e-08
-3.3506748e-08
-3.2449087e-08
-3.1856796e-08
-3.215294e-08
-3.1941408e-08
-3.2237555e-08
-3.2533698e-08
-3.2491393e-08
-3.2195249e-08
-3.215294e-08
-3.2618313e-08
-3.2576008e-08
-3.2533698e-08
-3.2364472e-08
-3.2829846e-08
-3.2110634e-08
-3.2279861e-08
-3.2068328e-08
-3.2279861e-08
-3.2618313e-08
-3.2491393e-08
-3.2660619e-08
-3.1983713e-08
-3.2110634e-08
-3.1983713e-08
-3.2491393e-08
-3.2322166e-08
-3.2745231e-08
-3.2110634e-08
-3.2026023e-08
-3.2406781e-08
-3.2195249e-08
-3.1983713e-08
-3.215294e-08
-3.2279861e-08
-3.2660619e-08
-3.2237555e-08
-3.1983713e-08
-3.1518343e-08
-3.1772181e-08
-3.2449087e-08
-3.1983713e-08
-3.2702925e-08
-3.2491393e-08
-3.2110634e-08
-3.2279861e-08
-3.3168298e-08
-3.278754e-08
-3.2195249e-08
-3.1814491e-08
-3.1645264e-08
-3.2279861e-08
-3.1899102e-08
-3.1476038e-08
-3.1306811e-08
-3.2237555e-08
-3.2364472e-08
-3.1983713e-08
-3.3041378e-08
-3.3464442e-08
-3.278754e-08
-3.2364472e-08
-3.2110634e-08
-3.2449087e-08
-3.2449087e-08
-3.2364472e-08
-3.2576008e-08
-3.2533698e-08
-3.2491393e-08
-3.2322166e-08
-3.2110634e-08
-3.2576008e-08
-3.215294e-08
-3.2491393e-08
-3.325291e-08
-3.278754e-08
-3.2914457e-08
-3.168757e-08
-3.1983713e-08
-3.2110634e-08
-3.2322166e-08
-3.2195249e-08
-3.2702925e-08
-3.2322166e-08
-3.2449087e-08
-3.2533698e-08
-3.2618313e-08
-3.1941408e-08
-3.2576008e-08
-3.2702925e-08
-3.325291e-08
-3.2956763e-08
-3.2829846e-08
-3.2618313e-08
-3.2914457e-08
-3.3083683e-08
-3.2660619e-08
-3.2618313e-08
-3.3422136e-08
-3.3337521e-08
-3.2491393e-08
-3.2237555e-08
-3.2406781e-08
-3.2491393e-08
-3.2026023e-08
-3.215294e-08
-3.1899102e-08
-3.1983713e-08
-3.1856796e-08
-3.1856796e-08
-3.1983713e-08
-3.2576008e-08
-3.2449087e-08
-3.2491393e-08
-3.2026023e-08
-3.1899102e-08
-3.2322166e-08
-3.2618313e-08
-3.2491393e-08
-3.2279861e-08
-3.2576008e-08
-3.2406781e-08
-3.2449087e-08
-3.2533698e-08
-3.2195249e-08
-3.2110634e-08
-3.278754e-08
-3.2956763e-08
-3.2237555e-08
-3.2279861e-08
-3.2322166e-08
-3.2914457e-08
-3.2660619e-08
-3.2322166e-08
-3.2195249e-08
-3.2237555e-08
-3.2533698e-08
-3.2491393e-08
-3.2406781e-08
-3.2237555e-08
-3.2449087e-08
-3.2702925e-08
-3.2279861e-08
-3.2660619e-08
-3.3168298e-08
-3.3083683e-08
-3.2829846e-08
-3.2364472e-08
-3.2660619e-08
-3.2449087e-08
-3.2702925e-08
-3.2491393e-08
-3.325291e-08
-3.3041378e-08
-3.3083683e-08
-3.2491393e-08
-3.2576008e-08
-3.2406781e-08
-3.2322166e-08
-3.2660619e-08
-3.1983713e-08
-3.2322166e-08
-3.2660619e-08
-3.2999072e-08
-3.3041378e-08
-3.278754e-08
-3.2195249e-08
-3.2533698e-08
-3.2956763e-08
-3.3041378e-08
-3.2914457e-08
-3.2872151e-08
-3.2872151e-08
-3.215294e-08
-3.2322166e-08
-3.2745231e-08
-3.2999072e-08
-3.2999072e-08
-3.2745231e-08
-3.2829846e-08
-3.2237555e-08
-3.2914457e-08
-3.2999072e-08
-3.325291e-08
-3.3633668e-08
-3.2829846e-08
-3.2914457e-08
-3.2322166e-08
-3.2449087e-08
-3.2660619e-08
-3.2322166e-08
-3.2406781e-08
-3.3168298e-08
-3.3549057e-08
-3.2914457e-08
-3.2702925e-08
-3.2618313e-08
-3.2914457e-08
-3.3295215e-08
-3.3464442e-08
-3.3083683e-08
-3.2872151e-08
-3.2449087e-08
-3.2618313e-08
-3.2745231e-08
-3.2618313e-08
-3.2237555e-08
-3.2491393e-08
-3.3125989e-08
-3.2660619e-08
-3.325291e-08
-3.3083683e-08
-3.2702925e-08
-3.2745231e-08
-3.2576008e-08
-3.215294e-08
-3.2491393e-08
-3.2702925e-08
-3.2702925e-08
-3.2279861e-08
-3.2279861e-08
-3.2618313e-08
-3.2279861e-08
-3.2364472e-08
-3.2745231e-08
-3.2110634e-08
-3.1856796e-08
-3.2660619e-08
-3.2660619e-08
-3.2406781e-08
-3.2364472e-08
-3.1983713e-08
-3.2110634e-08
-3.2618313e-08
-3.2576008e-08
-3.2533698e-08
-3.2533698e-08
-3.2660619e-08
-3.2956763e-08
-3.3041378e-08
-3.2533698e-08
-3.2237555e-08
-3.2406781e-08
-3.2364472e-08
-3.2068328e-08
-3.2068328e-08
-3.2195249e-08
-3.2026023e-08
-3.2618313e-08
-3.1814491e-08
-3.1856796e-08
-3.2279861e-08
-3.2364472e-08
-3.2449087e-08
-3.2110634e-08
-3.2364472e-08
-3.2322166e-08
-3.325291e-08
-3.325291e-08
-3.325291e-08
-3.2576008e-08
-3.2533698e-08
-3.337983e-08
-3.2914457e-08
-3.215294e-08
-3.2364472e-08
-3.2576008e-08
-3.2702925e-08
-3.2533698e-08
-3.1941408e-08
-3.2110634e-08
-3.215294e-08
-3.2956763e-08
-3.2618313e-08
-3.2576008e-08
-3.3887506e-08
-3.4141348e-08
-3.2322166e-08
-3.2745231e-08
-3.2872151e-08
-3.2491393e-08
-3.2491393e-08
-3.2660619e-08
-3.2364472e-08
-3.215294e-08
-3.2406781e-08
-3.2745231e-08
-3.2618313e-08
-3.2999072e-08
-3.3337521e-08
-3.3464442e-08
-3.2956763e-08
-3.2702925e-08
-3.2449087e-08
-3.2660619e-08
-3.2702925e-08
-3.2745231e-08
-3.2576008e-08
-3.2956763e-08
-3.2618313e-08
-3.278754e-08
-3.2279861e-08
-3.1941408e-08
-3.1729876e-08
-3.2745231e-08
-3.2956763e-08
-3.2576008e-08
-3.2237555e-08
-3.2406781e-08
-3.2576008e-08
-3.278754e-08
-3.2914457e-08
-3.2576008e-08
-3.2576008e-08
-3.2660619e-08
-3.2829846e-08
-3.2956763e-08
-3.3041378e-08
-3.2618313e-08
-3.2449087e-08
-3.2364472e-08
-3.3210604e-08
-3.3549057e-08
-3.2702925e-08
-3.2576008e-08
-3.2449087e-08
-3.278754e-08
-3.3295215e-08
-3.2449087e-08
-3.2999072e-08
-3.2449087e-08
-3.2618313e-08
-3.2914457e-08
-3.2702925e-08
-3.2406781e-08
-3.278754e-08
-3.325291e-08
-3.2618313e-08
-3.2195249e-08
-3.215294e-08
-3.2618313e-08
-3.2872151e-08
-3.2914457e-08
-3.3168298e-08
-3.3125989e-08
-3.2491393e-08
-3.1983713e-08
-3.2322166e-08
-3.278754e-08
-3.2660619e-08
-3.3168298e-08
-3.2195249e-08
-3.2237555e-08
-3.2829846e-08
-3.2829846e-08
-3.3210604e-08
-3.3295215e-08
-3.3210604e-08
-3.2914457e-08
-3.215294e-08
-3.1856796e-08
-3.2237555e-08
-3.2533698e-08
-3.2322166e-08
