-5.9958978e-07
-5.9934058e-07
-5.9904562e-07
-5.9877232e-07
-5.9854489e-07
-5.9826601e-07
-5.9792922e-07
-5.9754285e-07
-5.9708128e-07
-5.9665444e-07
-5.963999e-07
-5.9619862e-07
-5.9585074e-07
-5.9545147e-07
-5.9512649e-07
-5.9473285e-07
-5.942976e-07
-5.9406938e-07
-5.939965e-07
-5.9383888e-07
-5.9346627e-07
-5.9291432e-07
-5.9250891e-07
-5.9238698e-07
-5.9212783e-07
-5.9157691e-07
-5.9113751e-07
-5.9094486e-07
-5.9073386e-07
-5.9041292e-07
-5.901498e-07
-5.8999194e-07
-5.8975075e-07
-5.8934728e-07
-5.8896427e-07
-5.8870671e-07
-5.8852294e-07
-5.8841334e-07
-5.8826475e-07
-5.8788976e-07
-5.8743916e-07
-5.8718916e-07
-5.8701283e-07
-5.8659708e-07
-5.860245e-07
-5.8564854e-07
-5.8552172e-07
-5.8538427e-07
-5.8503787e-07
-5.8450973e-07
-5.8406607e-07
-5.8387883e-07
-5.8369358e-07
-5.8327925e-07
-5.8279869e-07
-5.8244115e-07
-5.8220826e-07
-5.8201528e-07
-5.8171446e-07
-5.8125192e-07
-5.8076108e-07
-5.8033362e-07
-5.7993225e-07
-5.7954435e-07
-5.7923046e-07
-5.7898615e-07
-5.7870807e-07
-5.7841999e-07
-5.7822189e-07
-5.7800548e-07
-5.7765573e-07
-5.7733786e-07
-5.7723361e-07
-5.7718131e-07
-5.768556e-07
-5.7630103e-07
-5.7585555e-07
-5.7556917e-07
-5.7525011e-07
-5.7485465e-07
-5.7446493e-07
-5.7417105e-07
-5.7400229e-07
-5.7380373e-07
-5.7345306e-07
-5.7310632e-07
-5.7287366e-07
-5.7257853e-07
-5.7209132e-07
-5.7156353e-07
-5.711791e-07
-5.7096725e-07
-5.7083838e-07
-5.7057656e-07
-5.7009026e-07
-5.6962409e-07
-5.6934772e-07
-5.6911017e-07
-5.6881703e-07
-5.6856703e-07
-5.6832067e-07
-5.6791896e-07
-5.6741891e-07
-5.6702783e-07
-5.6683069e-07
-5.6666192e-07
-5.6628221e-07
-5.6577295e-07
-5.6538789e-07
-5.650794e-07
-5.6469139e-07
-5.6436943e-07
-5.6426148e-07
-5.6411955e-07
-5.6369288e-07
-5.6318021e-07
-5.628965e-07
-5.6283329e-07
-5.6269045e-07
-5.6222785e-07
-5.6162423e-07
-5.6121786e-07
-5.6099299e-07
-5.6074759e-07
-5.6041847e-07
-5.6000704e-07
-5.5962994e-07
-5.594984e-07
-5.5952842e-07
-5.5935539e-07
-5.5886238e-07
-5.5827331e-07
-5.5775416e-07
-5.5737422e-07
-5.5717231e-07
-5.5700139e-07
-5.5672263e-07
-5.5638753e-07
-5.5607052e-07
-5.5578187e-07
-5.5545763e-07
-5.5502244e-07
-5.5453069e-07
-5.5411709e-07
-5.5380383e-07
-5.5352996e-07
-5.5328496e-07
-5.5302507e-07
-5.5268845e-07
-5.5234489e-07
-5.5202526e-07
-5.5161684e-07
-5.5115675e-07
-5.508208e-07
-5.5065942e-07
-5.5058354e-07
-5.5036003e-07
-5.4986288e-07
-5.4934389e-07
-5.4903325e-07
-5.4888108e-07
-5.487567e-07
-5.4856366e-07
-5.4830593e-07
-5.4797749e-07
-5.4758601e-07
-5.4730066e-07
-5.470979e-07
-5.4670431e-07
-5.4618005e-07
-5.4583194e-07
-5.4558149e-07
-5.4515425e-07
-5.4464368e-07
-5.442908e-07
-5.4405746e-07
-5.4374431e-07
-5.432517e-07
-5.4271061e-07
-5.4240076e-07
-5.4237381e-07
-5.4233078e-07
-5.4206237e-07
-5.4166043e-07
-5.4120886e-07
-5.4076446e-07
-5.4041652e-07
-5.4008029e-07
-5.3971166e-07
-5.3944609e-07
-5.392161e-07
-5.3884526e-07
-5.3846389e-07
-5.3827307e-07
-5.3814438e-07
-5.3786459e-07
-5.3745009e-07
-5.3695805e-07
-5.3639633e-07
-5.3589469e-07
-5.3557233e-07
-5.3533023e-07
-5.35006e-07
-5.3457393e-07
-5.3412748e-07
-5.3382377e-07
-5.3373634e-07
-5.3364499e-07
-5.3332553e-07
-5.3292075e-07
-5.3255968e-07
-5.321117e-07
-5.3163853e-07
-5.3138172e-07
-5.312815e-07
-5.3109983e-07
-5.3074433e-07
-5.3024598e-07
-5.2970029e-07
-5.2925759e-07
-5.2906177e-07
-5.2903295e-07
-5.2885576e-07
-5.2840528e-07
-5.279021e-07
-5.2754007e-07
-5.2725761e-07
-5.2696987e-07
-5.2673073e-07
-5.2653797e-07
-5.2630094e-07
-5.2595374e-07
-5.2543169e-07
-5.2483432e-07
-5.2444796e-07
-5.2435712e-07
-5.2431272e-07
-5.2402908e-07
-5.2355961e-07
-5.2321212e-07
-5.2298515e-07
-5.2260521e-07
-5.2207707e-07
-5.2163034e-07
-5.2131543e-07
-5.2099665e-07
-5.2063359e-07
-5.2034164e-07
-5.2014627e-07
-5.1988013e-07
-5.1945216e-07
-5.1902578e-07
-5.1875315e-07
-5.185193e-07
-5.181592e-07
-5.1776374e-07
-5.1747907e-07
-5.1723839e-07
-5.1698026e-07
-5.1674311e-07
-5.1648249e-07
-5.1615268e-07
-5.157973e-07
-5.1546158e-07
-5.1515786e-07
-5.1482328e-07
-5.1441481e-07
-5.1408171e-07
-5.1391385e-07
-5.136967e-07
-5.1332245e-07
-5.1295916e-07
-5.125903e-07
-5.1216779e-07
-5.119328e-07
-5.1182093e-07
-5.1142615e-07
-5.108792e-07
-5.1064177e-07
-5.1059067e-07
-5.1028417e-07
-5.097607e-07
-5.0936114e-07
-5.0908471e-07
-5.0869551e-07
-5.0823098e-07
-5.0788992e-07
-5.0767602e-07
-5.0744012e-07
-5.0709622e-07
-5.0668922e-07
-5.0628046e-07
-5.0589784e-07
-5.0555536e-07
-5.0519742e-07
-5.0473125e-07
-5.0420806e-07
-5.0378247e-07
-5.0348001e-07
-5.0321779e-07
-5.0293698e-07
-5.0259206e-07
-5.0215635e-07
-5.0173139e-07
-5.014503e-07
-5.0125976e-07
-5.0104836e-07
-5.0079859e-07
-5.0052915e-07
-5.002762e-07
-5.0004724e-07
-4.9979735e-07
-4.9950216e-07
-4.9920288e-07
-4.9893777e-07
-4.9861148e-07
-4.9815003e-07
-4.9767749e-07
-4.9728271e-07
-4.9695569e-07
-4.9670552e-07
-4.9641636e-07
-4.9592222e-07
-4.9531633e-07
-4.9483037e-07
-4.9450585e-07
-4.9426427e-07
-4.9407151e-07
-4.9387796e-07
-4.9362711e-07
-4.9327684e-07
-4.9281061e-07
-4.9233626e-07
-4.9197712e-07
-4.9173332e-07
-4.9153761e-07
-4.9134508e-07
-4.9116238e-07
-4.9094018e-07
-4.9062919e-07
-4.9029347e-07
-4.8989233e-07
-4.893414e-07
-4.8887603e-07
-4.8871033e-07
-4.8855861e-07
-4.8815718e-07
-4.8771057e-07
-4.8739008e-07
-4.870235e-07
-4.8651361e-07
-4.8610218e-07
-4.8594251e-07
-4.8582876e-07
-4.8559707e-07
-4.8527124e-07
-4.8484895e-07
-4.8438972e-07
-4.8402859e-07
-4.8373448e-07
-4.8341434e-07
-4.8314291e-07
-4.8295641e-07
-4.8269794e-07
-4.8231118e-07
-4.8195199e-07
-4.816543e-07
-4.8128243e-07
-4.80859e-07
-4.8052277e-07
-4.8029142e-07
-4.8000788e-07
-4.7950931e-07
-4.7898072e-07
-4.7870327e-07
-4.7853894e-07
-4.7823607e-07
-4.7781481e-07
-4.7741662e-07
-4.7713098e-07
-4.7686808e-07
-4.7646313e-07
-4.7600292e-07
-4.7567539e-07
-4.7546069e-07
-4.7522144e-07
-4.7491176e-07
-4.7455106e-07
-4.7408713e-07
-4.7361937e-07
-4.7335706e-07
-4.7316792e-07
-4.7282964e-07
-4.7244282e-07
-4.7216844e-07
-4.7194681e-07
-4.7160501e-07
-4.7110325e-07
-4.7061025e-07
-4.7030562e-07
-4.7013435e-07
-4.6985247e-07
-4.6939579e-07
-4.6897719e-07
-4.687185e-07
-4.6852929e-07
-4.6826852e-07
-4.6781912e-07
-4.6731046e-07
-4.6702249e-07
-4.6686293e-07
-4.6655319e-07
-4.6615378e-07
-4.6587363e-07
-4.6568204e-07
-4.6534112e-07
-4.6477595e-07
-4.6425635e-07
-4.6393745e-07
-4.636172e-07
-4.632586e-07
-4.6300946e-07
-4.6272632e-07
-4.6232515e-07
-4.6203445e-07
-4.6184027e-07
-4.6153957e-07
-4.611629e-07
-4.6078077e-07
-4.6044153e-07
-4.6025227e-07
-4.6009097e-07
-4.5970762e-07
-4.5916966e-07
-4.5868995e-07
-4.5827943e-07
-4.5787698e-07
-4.5747893e-07
-4.5713523e-07
-4.5691866e-07
-4.567475e-07
-4.5646664e-07
-4.5608499e-07
-4.5565201e-07
-4.5520463e-07
-4.5485362e-07
-4.5459245e-07
-4.5429019e-07
-4.5392352e-07
-4.535359e-07
-4.5317125e-07
-4.5288266e-07
-4.5262283e-07
-4.52309e-07
-4.5199141e-07
-4.5170066e-07
-4.51364e-07
-4.510498e-07
-4.5080918e-07
-4.5043274e-07
-4.4989747e-07
-4.4951133e-07
-4.4933824e-07
-4.4912747e-07
-4.488075e-07
-4.4845527e-07
-4.4802522e-07
-4.4759736e-07
-4.4734665e-07
-4.471076e-07
-4.4667613e-07
-4.4628334e-07
-4.4612176e-07
-4.4590422e-07
-4.453799e-07
-4.447526e-07
-4.4429726e-07
-4.4401517e-07
-4.4378763e-07
-4.4353698e-07
-4.4324938e-07
-4.4296152e-07
-4.4261486e-07
-4.4210566e-07
-4.415167e-07
-4.4103768e-07
-4.4077603e-07
-4.4065669e-07
-4.4048937e-07
-4.4022858e-07
-4.3992532e-07
-4.3954003e-07
-4.3909461e-07
-4.3870284e-07
-4.3831946e-07
-4.3782563e-07
-4.3733371e-07
-4.3705768e-07
-4.3696571e-07
-4.3682357e-07
-4.3647339e-07
-4.3599772e-07
-4.3563296e-07
-4.3541252e-07
-4.3519975e-07
-4.3498585e-07
-4.3472187e-07
-4.3430683e-07
-4.3387644e-07
-4.3358932e-07
-4.3330846e-07
-4.3284521e-07
-4.3226783e-07
-4.3182951e-07
-4.316484e-07
-4.3153801e-07
-4.3132479e-07
-4.3104211e-07
-4.3070702e-07
-4.3030693e-07
-4.2984448e-07
-4.2932493e-07
-4.2891099e-07
-4.2870664e-07
-4.2849507e-07
-4.2810467e-07
-4.2764296e-07
-4.272589e-07
-4.2698451e-07
-4.2678778e-07
-4.2658377e-07
-4.2623975e-07
-4.2581513e-07
-4.2548862e-07
-4.2512397e-07
-4.2453638e-07
-4.2399216e-07
-4.23801e-07
-4.2377587e-07
-4.2355765e-07
-4.231606e-07
-4.2282494e-07
-4.2255465e-07
-4.2214356e-07
-4.2158624e-07
-4.2114351e-07
-4.2089755e-07
-4.2059531e-07
-4.200983e-07
-4.1959009e-07
-4.1919986e-07
-4.1885767e-07
-4.185668e-07
-4.1837222e-07
-4.1814843e-07
-4.1777901e-07
-4.1737491e-07
-4.1707233e-07
-4.167901e-07
-4.164159e-07
-4.1602129e-07
-4.1569663e-07
-4.1546747e-07
-4.1530137e-07
-4.1504126e-07
-4.1462377e-07
-4.1419455e-07
-4.1385437e-07
-4.1355787e-07
-4.1322031e-07
-4.1280572e-07
-4.1238368e-07
-4.1205064e-07
-4.1176438e-07
-4.114699e-07
-4.1121402e-07
-4.1091579e-07
-4.1049327e-07
-4.1013158e-07
-4.0991807e-07
-4.0966466e-07
-4.0927415e-07
-4.0877512e-07
-4.0821027e-07
-4.0770885e-07
-4.0737785e-07
-4.0718129e-07
-4.0696759e-07
-4.0661672e-07
-4.0619429e-07
-4.0575173e-07
-4.0525893e-07
-4.048527e-07
-4.0460782e-07
-4.0434085e-07
-4.0396588e-07
-4.0358475e-07
-4.0329661e-07
-4.0310937e-07
-4.0289675e-07
-4.0256586e-07
-4.022354e-07
-4.0201036e-07
-4.017468e-07
-4.0133375e-07
-4.0095176e-07
-4.0069739e-07
-4.0032634e-07
-3.9973111e-07
-3.9918041e-07
-3.9885646e-07
-3.9864409e-07
-3.983894e-07
-3.9802978e-07
-3.9760349e-07
-3.9724489e-07
-3.9697653e-07
-3.9666583e-07
-3.9629433e-07
-3.9591293e-07
-3.9549997e-07
-3.9512094e-07
-3.9483092e-07
-3.9450157e-07
-3.9409309e-07
-3.9373407e-07
-3.9349703e-07
-3.9334014e-07
-3.9309282e-07
-3.9266646e-07
-3.9220487e-07
-3.9180634e-07
-3.9143271e-07
-3.9103963e-07
-3.9064378e-07
-3.9030363e-07
-3.9003174e-07
-3.8978101e-07
-3.8943134e-07
-3.8893518e-07
-3.8846352e-07
-3.8811589e-07
-3.8780803e-07
-3.8753274e-07
-3.8726716e-07
-3.8688228e-07
-3.8646513e-07
-3.8615906e-07
-3.8582056e-07
-3.8542433e-07
-3.8516944e-07
-3.8497461e-07
-3.845808e-07
-3.8402635e-07
-3.8358502e-07
-3.8335841e-07
-3.8314104e-07
-3.8277381e-07
-3.8241868e-07
-3.822104e-07
-3.8201e-07
-3.8167451e-07
-3.8119992e-07
-3.8069118e-07
-3.8029341e-07
-3.8003751e-07
-3.7982733e-07
-3.795368e-07
-3.7913355e-07
-3.7875469e-07
-3.7850884e-07
-3.7828602e-07
-3.7789147e-07
-3.7730493e-07
-3.7682068e-07
-3.7668144e-07
-3.7661104e-07
-3.7623619e-07
-3.7565403e-07
-3.7516205e-07
-3.7487149e-07
-3.7469329e-07
-3.7441609e-07
-3.7393409e-07
-3.7341641e-07
-3.730411e-07
-3.7273099e-07
-3.7235202e-07
-3.7195275e-07
-3.7160268e-07
-3.7129416e-07
-3.710316e-07
-3.7073681e-07
-3.7039104e-07
-3.7013035e-07
-3.6987507e-07
-3.6944851e-07
-3.6899104e-07
-3.6869824e-07
-3.6846279e-07
-3.6811775e-07
-3.6771678e-07
-3.6736199e-07
-3.6701044e-07
-3.6656093e-07
-3.6606775e-07
-3.6572175e-07
-3.6556378e-07
-3.654369e-07
-3.6518281e-07
-3.6475797e-07
-3.6430998e-07
-3.6402906e-07
-3.6380382e-07
-3.6342783e-07
-3.6295853e-07
-3.6250168e-07
-3.6207973e-07
-3.6173623e-07
-3.6147597e-07
-3.6119687e-07
-3.6080436e-07
-3.6034885e-07
-3.5997849e-07
-3.5974503e-07
-3.5946235e-07
-3.5898557e-07
-3.5850988e-07
-3.5823467e-07
-3.5805573e-07
-3.5778825e-07
-3.5742929e-07
-3.5709439e-07
-3.5681043e-07
-3.5651763e-07
-3.5614815e-07
-3.5569565e-07
-3.5528004e-07
-3.5498866e-07
-3.5476273e-07
-3.5450293e-07
-3.5417793e-07
-3.5377514e-07
-3.532337e-07
-3.5267621e-07
-3.5233626e-07
-3.5210402e-07
-3.517265e-07
-3.512726e-07
-3.5095346e-07
-3.5072253e-07
-3.5038025e-07
-3.4990805e-07
-3.4944503e-07
-3.4914424e-07
-3.4901979e-07
-3.4883658e-07
-3.484256e-07
-3.4794834e-07
-3.4759589e-07
-3.4730596e-07
-3.4695833e-07
-3.4659652e-07
-3.4631131e-07
-3.460876e-07
-3.4582791e-07
-3.4546395e-07
-3.4504365e-07
-3.4463827e-07
-3.4419799e-07
-3.4367523e-07
-3.4318083e-07
-3.4281121e-07
-3.4252929e-07
-3.4227952e-07
-3.4197294e-07
-3.4153939e-07
-3.4108012e-07
-3.4071545e-07
-3.4045863e-07
-3.4034878e-07
-3.4036492e-07
-3.402173e-07
-3.3961402e-07
-3.3871899e-07
-3.3805017e-07
-3.3789914e-07
-3.3799844e-07
-3.3794146e-07
-3.376621e-07
-3.3721781e-07
-3.3667689e-07
-3.3623749e-07
-3.3591235e-07
-3.3553189e-07
-3.3511301e-07
-3.3476152e-07
-3.345084e-07
-3.342798e-07
-3.3393084e-07
-3.3349684e-07
-3.3317127e-07
-3.3294515e-07
-3.3259528e-07
-3.3204174e-07
-3.3145679e-07
-3.3104286e-07
-3.3078035e-07
-3.3044967e-07
-3.3001609e-07
-3.2965164e-07
-3.2938311e-07
-3.2918234e-07
-3.2902398e-07
-3.2870335e-07
-3.2818673e-07
-3.2776992e-07
-3.2747226e-07
-3.2704389e-07
-3.2658849e-07
-3.2632337e-07
-3.2610376e-07
-3.2577589e-07
-3.2540675e-07
-3.2503357e-07
-3.2469376e-07
-3.2441451e-07
-3.2404085e-07
-3.2351352e-07
-3.2301898e-07
-3.2265118e-07
-3.2236571e-07
-3.2213603e-07
-3.2192892e-07
-3.2166091e-07
-3.2121923e-07
-3.2066242e-07
-3.2024266e-07
-3.2004667e-07
-3.19902e-07
-3.1960727e-07
-3.1912751e-07
-3.1862263e-07
-3.1819303e-07
-3.1777071e-07
-3.1735595e-07
-3.1706114e-07
-3.1688293e-07
-3.1665346e-07
-3.1627394e-07
-3.1582775e-07
-3.1542945e-07
-3.1509512e-07
-3.1473269e-07
-3.1428274e-07
-3.1385375e-07
-3.1355569e-07
-3.1326675e-07
-3.1283884e-07
-3.1242274e-07
-3.1219795e-07
-3.1206761e-07
-3.118588e-07
-3.1147178e-07
-3.1095851e-07
-3.1053457e-07
-3.1025448e-07
-3.0997398e-07
-3.0966973e-07
-3.0934152e-07
-3.0889467e-07
-3.0841963e-07
-3.0806504e-07
-3.0767171e-07
-3.0715648e-07
-3.0681559e-07
-3.0671845e-07
-3.0656963e-07
-3.0628559e-07
-3.0592935e-07
-3.0544763e-07
-3.0493743e-07
-3.0453128e-07
-3.0408498e-07
-3.0358413e-07
-3.032014e-07
-3.0286469e-07
-3.0252781e-07
-3.0227278e-07
-3.0199715e-07
-3.0166484e-07
-3.013883e-07
-3.0109214e-07
-3.0066741e-07
-3.0023475e-07
-2.9986117e-07
-2.9941961e-07
-2.9892391e-07
-2.9851546e-07
-2.9820859e-07
-2.9798554e-07
-2.9779957e-07
-2.9749026e-07
-2.9704677e-07
-2.966554e-07
-2.9634589e-07
-2.9601793e-07
-2.956657e-07
-2.9529878e-07
-2.949447e-07
-2.9464914e-07
-2.9439241e-07
-2.9415227e-07
-2.9386911e-07
-2.9345239e-07
-2.9292616e-07
-2.9245948e-07
-2.9218876e-07
-2.919804e-07
-2.9163948e-07
-2.912299e-07
-2.9081889e-07
-2.9034669e-07
-2.8990684e-07
-2.8960085e-07
-2.8935199e-07
-2.8910893e-07
-2.8882795e-07
-2.8844715e-07
-2.8804598e-07
-2.877247e-07
-2.8743872e-07
-2.8710693e-07
-2.8669615e-07
-2.8620431e-07
-2.8573533e-07
-2.8546842e-07
-2.8536454e-07
-2.8515754e-07
-2.8475492e-07
-2.8429099e-07
-2.8384486e-07
-2.8337413e-07
-2.8285666e-07
-2.8241917e-07
-2.8217119e-07
-2.8196735e-07
-2.8166866e-07
-2.8138058e-07
-2.8113604e-07
-2.8079418e-07
-2.8037473e-07
-2.8003444e-07
-2.7975199e-07
-2.7938844e-07
-2.7892278e-07
-2.7844197e-07
-2.780603e-07
-2.7781289e-07
-2.7752168e-07
-2.7704547e-07
-2.7658547e-07
-2.7632993e-07
-2.7615337e-07
-2.7589849e-07
-2.7552719e-07
-2.7507019e-07
-2.7461607e-07
-2.7424244e-07
-2.7394449e-07
-2.7359027e-07
-2.7310935e-07
-2.7267862e-07
-2.7238252e-07
-2.7205863e-07
-2.7167118e-07
-2.7133638e-07
-2.7107163e-07
-2.7083397e-07
-2.7055046e-07
-2.7008122e-07
-2.6947058e-07
-2.689894e-07
-2.6867872e-07
-2.6833581e-07
-2.6800021e-07
-2.6782314e-07
-2.6761106e-07
-2.6714326e-07
-2.6666876e-07
-2.665588e-07
-2.6662937e-07
-2.6630914e-07
-2.6549367e-07
-2.6464113e-07
-2.641315e-07
-2.6394554e-07
-2.6375525e-07
-2.6333197e-07
-2.6283837e-07
-2.6255725e-07
-2.6251493e-07
-2.6242111e-07
-2.6192168e-07
-2.6102279e-07
-2.6020658e-07
-2.5990306e-07
-2.5997025e-07
-2.5988933e-07
-2.5942296e-07
-2.5890958e-07
-2.5867089e-07
-2.5846961e-07
-2.5802305e-07
-2.5756199e-07
-2.5738453e-07
-2.5728909e-07
-2.5691469e-07
-2.5630445e-07
-2.5576418e-07
-2.5545313e-07
-2.5524579e-07
-2.5490192e-07
-2.544283e-07
-2.5401854e-07
-2.5370653e-07
-2.5342104e-07
-2.5310692e-07
-2.5273755e-07
-2.5235863e-07
-2.5199478e-07
-2.5162018e-07
-2.5127508e-07
-2.5100621e-07
-2.507455e-07
-2.5036434e-07
-2.4979337e-07
-2.4917554e-07
-2.4877403e-07
-2.4860967e-07
-2.4846344e-07
-2.4816768e-07
-2.4769275e-07
-2.4717426e-07
-2.467975e-07
-2.4652138e-07
-2.4626047e-07
-2.4605052e-07
-2.4572742e-07
-2.4509217e-07
-2.4441465e-07
-2.4410122e-07
-2.4403101e-07
-2.4381106e-07
-2.4337774e-07
-2.4290529e-07
-2.4251707e-07
-2.422471e-07
-2.420357e-07
-2.4179693e-07
-2.4146863e-07
-2.4100817e-07
-2.4046955e-07
-2.3998606e-07
-2.396458e-07
-2.3938878e-07
-2.3901248e-07
-2.3851877e-07
-2.3821795e-07
-2.3813081e-07
-2.3787405e-07
-2.3730053e-07
-2.3669116e-07
-2.3632577e-07
-2.3613336e-07
-2.3586892e-07
-2.354723e-07
-2.3502594e-07
-2.3460584e-07
-2.3428848e-07
-2.3401506e-07
-2.3358834e-07
-2.3303286e-07
-2.3263814e-07
-2.324696e-07
-2.3226579e-07
-2.3191373e-07
-2.3154155e-07
-2.3124423e-07
-2.3101447e-07
-2.3075739e-07
-2.3032885e-07
-2.2969547e-07
-2.2904348e-07
-2.2860209e-07
-2.2838856e-07
-2.2820967e-07
-2.2785866e-07
-2.2734619e-07
-2.2691026e-07
-2.2662985e-07
-2.2629098e-07
-2.2584774e-07
-2.2546129e-07
-2.2514413e-07
-2.2488427e-07
-2.2471102e-07
-2.2450718e-07
-2.240819e-07
-2.2342547e-07
-2.2281432e-07
-2.2246627e-07
-2.2225987e-07
-2.2202065e-07
-2.2175416e-07
-2.2148811e-07
-2.211616e-07
-2.2074619e-07
-2.2031088e-07
-2.1995689e-07
-2.1966781e-07
-2.1929642e-07
-2.1890529e-07
-2.1869064e-07
-2.1852773e-07
-2.1817416e-07
-2.1769765e-07
-2.1728081e-07
-2.1687435e-07
-2.1643183e-07
-2.1609458e-07
-2.1582684e-07
-2.1544781e-07
-2.1498127e-07
-2.1450785e-07
-2.1403184e-07
-2.135971e-07
-2.1323729e-07
-2.1296646e-07
-2.1276611e-07
-2.1247271e-07
-2.1197593e-07
-2.1144353e-07
-2.1110731e-07
-2.1095056e-07
-2.107405e-07
-2.1037425e-07
-2.0998147e-07
-2.0965922e-07
-2.0935593e-07
-2.0899461e-07
-2.0861307e-07
-2.0826837e-07
-2.0789224e-07
-2.0746879e-07
-2.0709908e-07
-2.0678004e-07
-2.063847e-07
-2.0587069e-07
-2.0539849e-07
-2.0510259e-07
-2.0482676e-07
-2.0439026e-07
-2.0389948e-07
-2.0354452e-07
-2.0331009e-07
-2.0305663e-07
-2.0275326e-07
-2.0240449e-07
-2.0191919e-07
-2.0132396e-07
-2.0086352e-07
-2.0063061e-07
-2.0040713e-07
-2.0004259e-07
-1.9964881e-07
-1.9940714e-07
-1.9929593e-07
-1.9904257e-07
-1.9850714e-07
-1.9789252e-07
-1.9743928e-07
-1.9713755e-07
-1.9684109e-07
-1.9655849e-07
-1.963279e-07
-1.9601561e-07
-1.9560079e-07
-1.9520874e-07
-1.9482025e-07
-1.9439472e-07
-1.9396859e-07
-1.935172e-07
-1.9307109e-07
-1.9277172e-07
-1.925884e-07
-1.9225675e-07
-1.9170972e-07
-1.9122746e-07
-1.9094185e-07
-1.9065314e-07
-1.9023116e-07
-1.8983781e-07
-1.8974404e-07
-1.9002016e-07
-1.9043642e-07
-1.906858e-07
-1.907259e-07
-1.9083319e-07
-1.9117627e-07
-1.9155874e-07
-1.9179467e-07
-1.9200829e-07
-1.9238382e-07
-1.9287859e-07
-1.9328928e-07
-1.9353166e-07
-1.9369759e-07
-1.9384268e-07
-1.9400804e-07
-1.9427625e-07
-1.9461714e-07
-1.9498262e-07
-1.9539686e-07
-1.9579431e-07
-1.9604218e-07
-1.961194e-07
-1.9623789e-07
-1.9663057e-07
-1.9710404e-07
-1.9731118e-07
-1.9740355e-07
-1.9771065e-07
-1.9812489e-07
-1.9841895e-07
-1.9868955e-07
-1.9903965e-07
-1.9931863e-07
-1.994805e-07
-1.9967064e-07
-1.9987073e-07
-2.0000169e-07
-2.0024012e-07
-2.0071832e-07
-2.012174e-07
-2.0155568e-07
-2.0184459e-07
-2.0217257e-07
-2.0248063e-07
-2.0273168e-07
-2.0290676e-07
-2.0306206e-07
-2.0343018e-07
-2.039977e-07
-2.0435735e-07
-2.0445466e-07
-2.0465978e-07
-2.0501375e-07
-2.0530629e-07
-2.0551218e-07
-2.0565395e-07
-2.0581288e-07
-2.0618535e-07
-2.0671675e-07
-2.0709777e-07
-2.072139e-07
-2.0730755e-07
-2.0766004e-07
-2.0819948e-07
-2.0867429e-07
-2.0904216e-07
-2.0935531e-07
-2.0959951e-07
-2.0979533e-07
-2.1001057e-07
-2.103202e-07
-2.1070375e-07
-2.1099854e-07
-2.1119681e-07
-2.1148404e-07
-2.1181194e-07
-2.119917e-07
-2.1216843e-07
-2.1256747e-07
-2.1301565e-07
-2.1329444e-07
-2.1359347e-07
-2.1409397e-07
-2.1455639e-07
-2.1478257e-07
-2.1494557e-07
-2.1517585e-07
-2.154305e-07
-2.1576665e-07
-2.1621361e-07
-2.1661484e-07
-2.1688075e-07
-2.1712438e-07
-2.1742073e-07
-2.1767784e-07
-2.1784794e-07
-2.18038e-07
-2.1834265e-07
-2.1869243e-07
-2.1895508e-07
-2.1915966e-07
-2.1948927e-07
-2.2002047e-07
-2.2055832e-07
-2.2086957e-07
-2.2103262e-07
-2.2131175e-07
-2.2176931e-07
-2.2220493e-07
-2.2242111e-07
-2.2250697e-07
-2.2272158e-07
-2.2308933e-07
-2.2340163e-07
-2.23575e-07
-2.237667e-07
-2.2415799e-07
-2.246536e-07
-2.2496809e-07
-2.2513501e-07
-2.2541616e-07
-2.2579763e-07
-2.2619162e-07
-2.2662275e-07
-2.2698728e-07
-2.2720005e-07
-2.2741708e-07
-2.2780884e-07
-2.2824349e-07
-2.2850182e-07
-2.2870819e-07
-2.2904945e-07
-2.2946492e-07
-2.2986768e-07
-2.302163e-07
-2.3052999e-07
-2.3085815e-07
-2.3117079e-07
-2.3145449e-07
-2.3169625e-07
-2.3185902e-07
-2.3204527e-07
-2.3240366e-07
-2.3283616e-07
-2.3314533e-07
-2.3340726e-07
-2.3373354e-07
-2.3398169e-07
-2.3415137e-07
-2.3451071e-07
-2.3507775e-07
-2.3554935e-07
-2.3578423e-07
-2.3596183e-07
-2.3629198e-07
-2.3673979e-07
-2.371294e-07
-2.3743297e-07
-2.3772375e-07
-2.3801493e-07
-2.3836094e-07
-2.387786e-07
-2.3909467e-07
-2.3927757e-07
-2.3951785e-07
-2.3979328e-07
-2.3994266e-07
-2.4004905e-07
-2.4032994e-07
-2.4081319e-07
-2.4132163e-07
-2.4174872e-07
-2.4211116e-07
-2.4237306e-07
-2.4259725e-07
-2.4294474e-07
-2.4329785e-07
-2.4351564e-07
-2.437929e-07
-2.4420299e-07
-2.4455071e-07
-2.4477842e-07
-2.4498263e-07
-2.4530729e-07
-2.4580515e-07
-2.4625905e-07
-2.4654861e-07
-2.4686159e-07
-2.4722254e-07
-2.4744728e-07
-2.4760811e-07
-2.4795531e-07
-2.4850991e-07
-2.4906305e-07
-2.4937529e-07
-2.4938669e-07
-2.4938524e-07
-2.4967977e-07
-2.501551e-07
-2.5056698e-07
-2.5092973e-07
-2.5127449e-07
-2.515313e-07
-2.5172801e-07
-2.5201226e-07
-2.5248195e-07
-2.5298161e-07
-2.532941e-07
-2.5348891e-07
-2.5374274e-07
-2.5404844e-07
-2.5430879e-07
-2.5457123e-07
-2.5498525e-07
-2.5548385e-07
-2.5583176e-07
-2.5603137e-07
-2.5626088e-07
-2.5656104e-07
-2.5689934e-07
-2.5726845e-07
-2.5764228e-07
-2.579859e-07
-2.5824139e-07
-2.5840569e-07
-2.5867593e-07
-2.5916893e-07
-2.5959932e-07
-2.5976033e-07
-2.599524e-07
-2.6041516e-07
-2.6090183e-07
-2.6117976e-07
-2.6136917e-07
-2.6160092e-07
-2.6184347e-07
-2.6207582e-07
-2.6231712e-07
-2.626156e-07
-2.6301518e-07
-2.6343614e-07
-2.6379232e-07
-2.6414705e-07
-2.6454191e-07
-2.6492037e-07
-2.6530884e-07
-2.6571561e-07
-2.6599636e-07
-2.6614862e-07
-2.6635479e-07
-2.6663275e-07
-2.6685626e-07
-2.6705368e-07
-2.6740943e-07
-2.6798355e-07
-2.6862779e-07
-2.6912244e-07
-2.6930559e-07
-2.6932318e-07
-2.6952137e-07
-2.6988386e-07
-2.7017973e-07
-2.7049407e-07
-2.7090334e-07
-2.7120967e-07
-2.7145671e-07
-2.7187406e-07
-2.7233432e-07
-2.7267529e-07
-2.7302499e-07
-2.7337549e-07
-2.7356216e-07
-2.7365118e-07
-2.7386136e-07
-2.7423627e-07
-2.7465975e-07
-2.7509316e-07
-2.7552423e-07
-2.7585051e-07
-2.7604912e-07
-2.7626297e-07
-2.7659277e-07
-2.7697257e-07
-2.7727231e-07
-2.7745523e-07
-2.7766194e-07
-2.7799047e-07
-2.7832817e-07
-2.7863112e-07
-2.7899031e-07
-2.7936221e-07
-2.7968153e-07
-2.8006957e-07
-2.8057721e-07
-2.8102946e-07
-2.8131242e-07
-2.8154838e-07
-2.8187324e-07
-2.8216616e-07
-2.8231142e-07
-2.8254829e-07
-2.830426e-07
-2.8354717e-07
-2.8388283e-07
-2.8419839e-07
-2.8459155e-07
-2.8493517e-07
-2.8516453e-07
-2.8542252e-07
-2.857883e-07
-2.8612592e-07
-2.8636788e-07
-2.8661941e-07
-2.8694947e-07
-2.8737472e-07
-2.8787477e-07
-2.8832395e-07
-2.8857349e-07
-2.8862897e-07
-2.8875326e-07
-2.8915431e-07
-2.8959053e-07
-2.8978474e-07
-2.8992844e-07
-2.9030153e-07
-2.9085638e-07
-2.9133076e-07
-2.9153111e-07
-2.915919e-07
-2.9181587e-07
-2.9224614e-07
-2.9271223e-07
-2.9309001e-07
-2.9336752e-07
-2.9367078e-07
-2.9404978e-07
-2.9434241e-07
-2.9448236e-07
-2.9461287e-07
-2.9491946e-07
-2.9546786e-07
-2.9603376e-07
-2.9632594e-07
-2.9641285e-07
-2.9659765e-07
-2.9701263e-07
-2.9753338e-07
-2.979784e-07
-2.9832205e-07
-2.9862568e-07
-2.9888827e-07
-2.9916515e-07
-2.9952153e-07
-2.9981769e-07
-2.999746e-07
-3.0019606e-07
-3.0057871e-07
-3.0094668e-07
-3.0118861e-07
-3.0144204e-07
-3.018894e-07
-3.0239516e-07
-3.0266509e-07
-3.0282197e-07
-3.0320604e-07
-3.037037e-07
-3.0401156e-07
-3.0422294e-07
-3.0448786e-07
-3.0475468e-07
-3.0512211e-07
-3.0565207e-07
-3.0613273e-07
-3.0651631e-07
-3.0692905e-07
-3.0725755e-07
-3.07439e-07
-3.0774586e-07
-3.0822304e-07
-3.0853971e-07
-3.0868239e-07
-3.0897169e-07
-3.0939248e-07
-3.0969298e-07
-3.0995309e-07
-3.103589e-07
-3.1080211e-07
-3.1114479e-07
-3.1143301e-07
-3.117695e-07
-3.1215873e-07
-3.1251338e-07
-3.1283486e-07
-3.1316603e-07
-3.1347338e-07
-3.1379116e-07
-3.1413441e-07
-3.1432944e-07
-3.1438876e-07
-3.1464737e-07
-3.151988e-07
-3.1573322e-07
-3.1605981e-07
-3.1632106e-07
-3.1664933e-07
-3.1701313e-07
-3.1735379e-07
-3.1758231e-07
-3.1768141e-07
-3.1788915e-07
-3.1837791e-07
-3.1893089e-07
-3.1932569e-07
-3.1962932e-07
-3.1992695e-07
-3.2021589e-07
-3.2050724e-07
-3.2078179e-07
-3.2100584e-07
-3.2118373e-07
-3.2137231e-07
-3.2175416e-07
-3.223885e-07
-3.2287667e-07
-3.2292266e-07
-3.2294255e-07
-3.2333762e-07
-3.2382664e-07
-3.2409548e-07
-3.2431268e-07
-3.247427e-07
-3.2534135e-07
-3.2579368e-07
-3.2589665e-07
-3.2585288e-07
-3.2604515e-07
-3.2659008e-07
-3.272192e-07
-3.2759502e-07
-3.276958e-07
-3.2784843e-07
-3.2832682e-07
-3.2894829e-07
-3.2931445e-07
-3.2937288e-07
-3.2950496e-07
-3.3000853e-07
-3.305897e-07
-3.3086403e-07
-3.3101654e-07
-3.3131303e-07
-3.3168396e-07
-3.3200587e-07
-3.3223469e-07
-3.3241366e-07
-3.3267554e-07
-3.3314041e-07
-3.337434e-07
-3.3424561e-07
-3.3454634e-07
-3.3475092e-07
-3.3498139e-07
-3.3530429e-07
-3.3567414e-07
-3.360189e-07
-3.3641464e-07
-3.3687374e-07
-3.3719147e-07
-3.3737933e-07
-3.3770459e-07
-3.3816059e-07
-3.3852123e-07
-3.3873937e-07
-3.3894702e-07
-3.3925065e-07
-3.3962269e-07
-3.3993177e-07
-3.4013365e-07
-3.4041997e-07
-3.4091605e-07
-3.4142906e-07
-3.4176415e-07
-3.4194844e-07
-3.4215114e-07
-3.4253839e-07
-3.4305805e-07
-3.4351314e-07
-3.4385477e-07
-3.4416354e-07
-3.4442638e-07
-3.4458893e-07
-3.447914e-07
-3.4517484e-07
-3.4562549e-07
-3.4605546e-07
-3.4644449e-07
-3.4666184e-07
-3.4679917e-07
-3.4716052e-07
-3.4771864e-07
-3.4821454e-07
-3.4861947e-07
-3.4905148e-07
-3.4944941e-07
-3.49636e-07
-3.4961602e-07
-3.4962102e-07
-3.4990131e-07
-3.5046963e-07
-3.5112251e-07
-3.5163373e-07
-3.5183709e-07
-3.5190158e-07
-3.5222897e-07
-3.5278919e-07
-3.5322338e-07
-3.5348953e-07
-3.537881e-07
-3.5414672e-07
-3.5447565e-07
-3.5476836e-07
-3.5504686e-07
-3.5532074e-07
-3.5564619e-07
-3.5605345e-07
-3.5642742e-07
-3.5667736e-07
-3.569435e-07
-3.5732103e-07
-3.5769082e-07
-3.5804604e-07
-3.5849163e-07
-3.5899151e-07
-3.5938552e-07
-3.5955122e-07
-3.596634e-07
-3.600052e-07
-3.6046893e-07
-3.6078302e-07
-3.6096876e-07
-3.6126309e-07
-3.6178577e-07
-3.6232433e-07
-3.6265362e-07
-3.6290228e-07
-3.6319727e-07
-3.634423e-07
-3.6364537e-07
-3.6390352e-07
-3.6421119e-07
-3.6454634e-07
-3.6491087e-07
-3.6529329e-07
-3.656736e-07
-3.6602222e-07
-3.6632434e-07
-3.666006e-07
-3.6684779e-07
-3.6703773e-07
-3.6726115e-07
-3.6767608e-07
-3.6822917e-07
-3.686751e-07
-3.6892084e-07
-3.6914622e-07
-3.6952432e-07
-3.6997557e-07
-3.7034357e-07
-3.706304e-07
-3.7088714e-07
-3.7116041e-07
-3.7150954e-07
-3.7186925e-07
-3.7218012e-07
-3.7250189e-07
-3.7277852e-07
-3.7295322e-07
-3.7320731e-07
-3.7362287e-07
-3.7402702e-07
-3.7433227e-07
-3.746037e-07
-3.74916e-07
-3.752709e-07
-3.7561807e-07
-3.760203e-07
-3.7649869e-07
-3.7685655e-07
-3.7708091e-07
-3.7740296e-07
-3.7780421e-07
-3.7809332e-07
-3.7828787e-07
-3.7855429e-07
-3.7899517e-07
-3.7951116e-07
-3.798749e-07
-3.8007397e-07
-3.8027741e-07
-3.8054026e-07
-3.8094703e-07
-3.8153729e-07
-3.8196202e-07
-3.8198684e-07
-3.8200776e-07
-3.8234992e-07
-3.8275175e-07
-3.8300848e-07
-3.8330091e-07
-3.8372593e-07
-3.8420444e-07
-3.8470989e-07
-3.8514008e-07
-3.8537311e-07
-3.85574e-07
-3.8596701e-07
-3.8645456e-07
-3.8683174e-07
-3.8713529e-07
-3.8749448e-07
-3.8786976e-07
-3.8817564e-07
-3.8841566e-07
-3.8860605e-07
-3.8880012e-07
-3.8912287e-07
-3.896601e-07
-3.9028146e-07
-3.9072646e-07
-3.9098853e-07
-3.9124993e-07
-3.9156021e-07
-3.9190658e-07
-3.9225634e-07
-3.9253726e-07
-3.9280457e-07
-3.9315165e-07
-3.935225e-07
-3.9386737e-07
-3.942383e-07
-3.9465328e-07
-3.9502021e-07
-3.9527802e-07
-3.9556065e-07
-3.9593084e-07
-3.9620389e-07
-3.9636899e-07
-3.9662609e-07
-3.9698821e-07
-3.9739336e-07
-3.9782799e-07
-3.9818445e-07
-3.9846199e-07
-3.9881905e-07
-3.9924868e-07
-3.9961634e-07
-3.9989123e-07
-4.0015266e-07
-4.0048809e-07
-4.0087542e-07
-4.0125647e-07
-4.0164645e-07
-4.020128e-07
-4.0228946e-07
-4.0253096e-07
-4.0281728e-07
-4.0311835e-07
-4.0342755e-07
-4.0384279e-07
-4.0434855e-07
-4.0476738e-07
-4.0500993e-07
-4.0514604e-07
-4.0530654e-07
-4.0561576e-07
-4.0606125e-07
-4.0648104e-07
-4.0678697e-07
-4.070381e-07
-4.0731089e-07
-4.0762257e-07
-4.0793455e-07
-4.0826609e-07
-4.0869529e-07
-4.0916308e-07
-4.0953273e-07
-4.0984236e-07
-4.1021474e-07
-4.1058576e-07
-4.1081665e-07
-4.1093347e-07
-4.1107984e-07
-4.1143238e-07
-4.1203054e-07
-4.1259577e-07
-4.1287012e-07
-4.1301558e-07
-4.133426e-07
-4.1386392e-07
-4.1431025e-07
-4.1454672e-07
-4.1478029e-07
-4.1514863e-07
-4.1555379e-07
-4.1601081e-07
-4.1654874e-07
-4.169726e-07
-4.1716615e-07
-4.1731056e-07
-4.1760831e-07
-4.1799848e-07
-4.1828037e-07
-4.1846874e-07
-4.1880645e-07
-4.1934828e-07
-4.197876e-07
-4.1993655e-07
-4.2007582e-07
-4.2042424e-07
-4.2083064e-07
-4.2125362e-07
-4.2175296e-07
-4.2217766e-07
-4.224685e-07
-4.2274959e-07
-4.230107e-07
-4.2323936e-07
-4.2353713e-07
-4.2387637e-07
-4.2417241e-07
-4.2443918e-07
-4.2469355e-07
-4.2498758e-07
-4.2537471e-07
-4.2578887e-07
-4.2622969e-07
-4.2674355e-07
-4.2716471e-07
-4.2735823e-07
-4.2747035e-07
-4.2768292e-07
-4.2803035e-07
-4.2844368e-07
-4.2884989e-07
-4.2930046e-07
-4.2984459e-07
-4.3032176e-07
-4.3063841e-07
-4.3092118e-07
-4.3120087e-07
-4.3139892e-07
-4.315342e-07
-4.3172466e-07
-4.3203318e-07
-4.3239328e-07
-4.3279601e-07
-4.332517e-07
-4.335547e-07
-4.3362513e-07
-4.3376838e-07
-4.3415486e-07
-4.3470214e-07
-4.3536994e-07
-4.3595406e-07
-4.361969e-07
-4.3622168e-07
-4.3636931e-07
-4.3675658e-07
-4.3716557e-07
-4.3745237e-07
-4.3776294e-07
-4.3813034e-07
-4.384309e-07
-4.3870088e-07
-4.3900076e-07
-4.3931925e-07
-4.3976843e-07
-4.4033419e-07
-4.407172e-07
-4.4090694e-07
-4.4119474e-07
-4.4155439e-07
-4.4179373e-07
-4.419677e-07
-4.4224498e-07
-4.4266781e-07
-4.4314078e-07
-4.4361212e-07
-4.4411178e-07
-4.4455294e-07
-4.4480993e-07
-4.4500507e-07
-4.4533743e-07
-4.4579525e-07
-4.4625881e-07
-4.4657315e-07
-4.4667524e-07
-4.467918e-07
-4.4711697e-07
-4.4755382e-07
-4.4799668e-07
-4.4840985e-07
-4.4869478e-07
-4.4883336e-07
-4.4895165e-07
-4.4913483e-07
-4.4946165e-07
-4.5000786e-07
-4.5060369e-07
-4.5097016e-07
-4.5112392e-07
-4.5138722e-07
-4.5188406e-07
-4.5235518e-07
-4.5271216e-07
-4.531127e-07
-4.5353255e-07
-4.5384843e-07
-4.5408518e-07
-4.5434095e-07
-4.545833e-07
-4.548034e-07
-4.5518121e-07
-4.557283e-07
-4.5619166e-07
-4.5645467e-07
-4.5671433e-07
-4.5718383e-07
-4.5772495e-07
-4.580815e-07
-4.5832928e-07
-4.5867165e-07
-4.5905864e-07
-4.5935619e-07
-4.5962798e-07
-4.599481e-07
-4.6022356e-07
-4.6046807e-07
-4.6082744e-07
-4.6128537e-07
-4.6171903e-07
-4.6200427e-07
-4.6212114e-07
-4.6231958e-07
-4.6274567e-07
-4.6320258e-07
-4.6355854e-07
-4.6386697e-07
-4.6421846e-07
-4.6473508e-07
-4.6537946e-07
-4.658342e-07
-4.6593064e-07
-4.6595417e-07
-4.6620687e-07
-4.6665838e-07
-4.6717253e-07
-4.6767624e-07
-4.6812494e-07
-4.6847038e-07
-4.6866413e-07
-4.687887e-07
-4.6904813e-07
-4.6948657e-07
-4.6994037e-07
-4.7024599e-07
-4.7038918e-07
-4.7054834e-07
-4.7089338e-07
-4.7139696e-07
-4.7191116e-07
-4.7229179e-07
-4.7250734e-07
-4.7268304e-07
-4.7295867e-07
-4.7330064e-07
-4.7360123e-07
-4.7388806e-07
-4.7422279e-07
-4.7460367e-07
-4.7503428e-07
-4.7544677e-07
-4.7575077e-07
-4.7604362e-07
-4.7644366e-07
-4.7688269e-07
-4.772985e-07
-4.7771181e-07
-4.7807231e-07
-4.7832759e-07
-4.7849926e-07
-4.7859874e-07
-4.7878422e-07
-4.7928e-07
-4.7993973e-07
-4.8045581e-07
-4.8074685e-07
-4.8088083e-07
-4.8102936e-07
-4.8134598e-07
-4.8180999e-07
-4.8230078e-07
-4.8271932e-07
-4.8305043e-07
-4.8333652e-07
-4.8361557e-07
-4.8386835e-07
-4.8407145e-07
-4.8430491e-07
-4.8468615e-07
-4.8521196e-07
-4.8572525e-07
-4.861115e-07
-4.864562e-07
-4.8682119e-07
-4.8710444e-07
-4.8730328e-07
-4.8755317e-07
-4.8789013e-07
-4.8824984e-07
-4.8862216e-07
-4.8904059e-07
-4.8944514e-07
-4.8976017e-07
-4.9004916e-07
-4.9037766e-07
-4.9066705e-07
-4.9089505e-07
-4.9119467e-07
-4.915521e-07
-4.918524e-07
-4.9223831e-07
-4.928545e-07
-4.9341901e-07
-4.9356646e-07
-4.9347841e-07
-4.9365764e-07
-4.9415848e-07
-4.946433e-07
-4.9497913e-07
-4.952368e-07
-4.9549413e-07
-4.9587902e-07
-4.9639084e-07
-4.96788e-07
-4.9694847e-07
-4.9709507e-07
-4.9750008e-07
-4.9809256e-07
-4.985385e-07
-4.9873864e-07
-4.9893515e-07
-4.9931009e-07
-4.9981446e-07
-5.0030434e-07
-5.0069434e-07
-5.0098896e-07
-5.0120235e-07
-5.0142575e-07
-5.0177943e-07
-5.0213265e-07
-5.0233507e-07
-5.0260678e-07
-5.03102e-07
-5.0356073e-07
-5.0381351e-07
-5.040414e-07
-5.0436222e-07
-5.0459528e-07
-5.046731e-07
-5.0487745e-07
-5.0534601e-07
-5.0587465e-07
-5.0624789e-07
-5.0649163e-07
-5.0690721e-07
-5.0758678e-07
-5.0816504e-07
-5.0844483e-07
-5.0866799e-07
-5.0907818e-07
-5.0961359e-07
-5.1000387e-07
-5.1018571e-07
-5.1041229e-07
-5.107712e-07
-5.1106736e-07
-5.1126653e-07
-5.1151824e-07
-5.1185719e-07
-5.1227346e-07
-5.1276845e-07
-5.132153e-07
-5.1349411e-07
-5.1369432e-07
-5.1399138e-07
-5.1440247e-07
-5.1477741e-07
-5.1500297e-07
-5.1513786e-07
-5.1535471e-07
-5.1574989e-07
-5.1629189e-07
-5.1687232e-07
-5.1733366e-07
-5.1769467e-07
-5.180724e-07
-5.1836673e-07
-5.1853374e-07
-5.1879238e-07
-5.1927776e-07
-5.1984574e-07
-5.2023927e-07
-5.2038774e-07
-5.2050831e-07
-5.207819e-07
-5.2113495e-07
-5.2151847e-07
-5.2197089e-07
-5.2236749e-07
-5.2264784e-07
-5.2299032e-07
-5.2340977e-07
-5.2377783e-07
-5.2413077e-07
-5.2445904e-07
-5.2472751e-07
-5.2509142e-07
-5.2554873e-07
-5.2586648e-07
-5.2605697e-07
-5.263434e-07
-5.2673767e-07
-5.2707981e-07
-5.2735385e-07
-5.2767592e-07
-5.2809963e-07
-5.2859707e-07
-5.2904886e-07
-5.2930699e-07
-5.2945836e-07
-5.2975275e-07
-5.3016089e-07
-5.3043647e-07
-5.3063377e-07
-5.3100808e-07
-5.3150632e-07
-5.3193065e-07
-5.3234305e-07
-5.3284219e-07
-5.3328665e-07
-5.3352363e-07
-5.3365216e-07
-5.3390767e-07
-5.3435735e-07
-5.348636e-07
-5.3531778e-07
-5.3566464e-07
-5.358479e-07
-5.3597944e-07
-5.3627093e-07
-5.3674825e-07
-5.3724153e-07
-5.3760084e-07
-5.3788091e-07
-5.3818803e-07
-5.3847981e-07
-5.3873987e-07
-5.3905251e-07
-5.3942779e-07
-5.3976845e-07
-5.4006068e-07
-5.4048542e-07
-5.4110689e-07
-5.4168299e-07
-5.4201814e-07
-5.4214075e-07
-5.4220362e-07
-5.4240229e-07
-5.4275756e-07
-5.4308549e-07
-5.4328848e-07
-5.4351847e-07
-5.4395133e-07
-5.4448651e-07
-5.4493995e-07
-5.4534644e-07
-5.4575662e-07
-5.4602896e-07
-5.4613372e-07
-5.4631312e-07
-5.4668016e-07
-5.4713803e-07
-5.4766713e-07
-5.4819412e-07
-5.4852615e-07
-5.4866894e-07
-5.4882014e-07
-5.4909793e-07
-5.4950738e-07
-5.4997923e-07
-5.504001e-07
-5.5076373e-07
-5.511215e-07
-5.5137752e-07
-5.5152975e-07
-5.5182437e-07
-5.5229759e-07
-5.5273409e-07
-5.5307709e-07
-5.5340814e-07
-5.537778e-07
-5.5417621e-07
-5.5453046e-07
-5.5475238e-07
-5.548639e-07
-5.5509651e-07
-5.5557973e-07
-5.5605483e-07
-5.5632205e-07
-5.5658171e-07
-5.570314e-07
-5.575539e-07
-5.5799791e-07
-5.5841161e-07
-5.5883794e-07
-5.5923692e-07
-5.5960459e-07
-5.5994417e-07
-5.6026005e-07
-5.6055114e-07
-5.6079313e-07
-5.6102766e-07
-5.613457e-07
-5.6175719e-07
-5.6216123e-07
-5.6250343e-07
-5.6282909e-07
-5.6313644e-07
-5.6345732e-07
-5.638251e-07
-5.6411898e-07
-5.6437142e-07
-5.6472697e-07
-5.6505968e-07
-5.653161e-07
-5.6570019e-07
-5.6618831e-07
-5.6654937e-07
-5.6676129e-07
-5.6699406e-07
-5.6735882e-07
-5.67771e-07
-5.6809688e-07
-5.6836546e-07
-5.6865667e-07
-5.6900285e-07
-5.6941178e-07
-5.6983191e-07
-5.7023436e-07
-5.706309e-07
-5.7098583e-07
-5.7128841e-07
-5.7159718e-07
-5.7195376e-07
-5.7234291e-07
-5.7268539e-07
-5.7293801e-07
-5.7320244e-07
-5.735792e-07
-5.7398944e-07
-5.7433147e-07
-5.7467946e-07
-5.7507697e-07
-5.754552e-07
-5.7585402e-07
-5.7629734e-07
-5.7666983e-07
-5.7691256e-07
-5.7707092e-07
-5.7728874e-07
-5.7772627e-07
-5.7823246e-07
-5.7848047e-07
-5.7857295e-07
-5.7887661e-07
-5.7939582e-07
-5.7994436e-07
-5.8039097e-07
-5.8055554e-07
-5.8057498e-07
-5.8088682e-07
-5.81471e-07
-5.8197173e-07
-5.8236839e-07
-5.8279801e-07
-5.8320603e-07
-5.8353282e-07
-5.8385325e-07
-5.8419744e-07
-5.8451479e-07
-5.8479611e-07
-5.8505009e-07
-5.8534795e-07
-5.8583208e-07
-5.8642405e-07
-5.8682525e-07
-5.8698146e-07
-5.8711913e-07
-5.873847e-07
-5.8781558e-07
-5.8839191e-07
-5.889251e-07
-5.8920455e-07
-5.8929089e-07
-5.8944983e-07
-5.8986308e-07
-5.9042611e-07
-5.9086977e-07
-5.9116314e-07
-5.9148158e-07
-5.9186453e-07
-5.9227284e-07
-5.9271099e-07
-5.9313106e-07
-5.9342904e-07
-5.9353175e-07
-5.9352078e-07
-5.9366999e-07
-5.941439e-07
-5.9474957e-07
-5.9518266e-07
-5.9540133e-07
-5.9564218e-07
-5.9607419e-07
-5.9655702e-07
-5.9691178e-07
-5.9719224e-07
-5.9745457e-07
-5.9769809e-07
-5.9806314e-07
-5.9857371e-07
-5.9898065e-07
-5.9916653e-07
-5.9932353e-07
-5.9967516e-07
-6.0019795e-07
-6.0068294e-07
-6.0102553e-07
-6.0128514e-07
-6.0160295e-07
-6.0207265e-07
-6.0252785e-07
-6.0277705e-07
-6.02954e-07
-6.032455e-07
-6.0363936e-07
-6.0405921e-07
-6.044375e-07
-6.047714e-07
-6.0517277e-07
-6.0566958e-07
-6.0608591e-07
-6.0637768e-07
-6.0672016e-07
-6.0708078e-07
-6.07289e-07
-6.0742462e-07
-6.0762085e-07
-6.0788841e-07
-6.0829069e-07
-6.0881843e-07
-6.0926931e-07
-6.0951248e-07
-6.096933e-07
-6.1007347e-07
-6.1061672e-07
-6.1103964e-07
-6.1132465e-07
-6.1161126e-07
-6.118579e-07
-6.1211972e-07
-6.1258964e-07
-6.131574e-07
-6.1357611e-07
-6.1388653e-07
-6.1414011e-07
-6.142642e-07
-6.1442915e-07
-6.1489425e-07
-6.155434e-07
-6.1601031e-07
-6.1622052e-07
-6.1647211e-07
-6.1690793e-07
-6.1734414e-07
-6.1765451e-07
-6.1788785e-07
-6.1806691e-07
-6.1821106e-07
-6.1842667e-07
-6.1876278e-07
-6.1918695e-07
-6.1967376e-07
-6.2014567e-07
-6.205326e-07
-6.2088515e-07
-6.2124019e-07
-6.2158301e-07
-6.2196625e-07
-6.223728e-07
-6.2273023e-07
-6.2310534e-07
-6.235133e-07
-6.2383469e-07
-6.2404519e-07
-6.242459e-07
-6.2454075e-07
-6.2498214e-07
-6.2545439e-07
-6.2569183e-07
-6.2574941e-07
-6.2603272e-07
-6.2661616e-07
-6.2715139e-07
-6.2747512e-07
-6.2778491e-07
-6.2822153e-07
-6.2868156e-07
-6.2906673e-07
-6.2939512e-07
-6.2962397e-07
-6.2976028e-07
-6.3009054e-07
-6.3068381e-07
-6.3113646e-07
-6.3130403e-07
-6.3148337e-07
-6.3185047e-07
-6.3233279e-07
-6.3275792e-07
-6.3301331e-07
-6.3325791e-07
-6.3370578e-07
-6.3423249e-07
-6.3453842e-07
-6.3461175e-07
-6.3476693e-07
-6.3515597e-07
-6.3561242e-07
-6.3604887e-07
-6.3646229e-07
-6.3678561e-07
-6.3709854e-07
-6.3752049e-07
-6.3788889e-07
-6.3803321e-07
-6.3820278e-07
-6.3869982e-07
-6.3935528e-07
-6.3983811e-07
-6.4013284e-07
-6.4045497e-07
-6.4087612e-07
-6.4124168e-07
-6.4149657e-07
-6.4171701e-07
-6.4190726e-07
-6.4208012e-07
-6.4232967e-07
-6.4276549e-07
-6.4332534e-07
-6.4375746e-07
-6.4399774e-07
-6.4423966e-07
-6.4464541e-07
-6.4518048e-07
-6.456367e-07
-6.4591666e-07
-6.4620195e-07
-6.4664351e-07
-6.4709229e-07
-6.473706e-07
-6.475521e-07
-6.4772848e-07
-6.4788145e-07
-6.4808592e-07
-6.4846057e-07
-6.4898489e-07
-6.4950808e-07
-6.4988495e-07
-6.501491e-07
-6.5046572e-07
-6.5091291e-07
-6.5143468e-07
-6.5194831e-07
-6.5238845e-07
-6.5271507e-07
-6.5296359e-07
-6.532394e-07
-6.535912e-07
-6.5389577e-07
-6.5409802e-07
-6.5437365e-07
-6.5476866e-07
-6.5516343e-07
-6.5559004e-07
-6.5609214e-07
-6.5653933e-07
-6.5684867e-07
-6.5713988e-07
-6.5753937e-07
-6.5796576e-07
-6.5826504e-07
-6.5842835e-07
-6.5856483e-07
-6.5883103e-07
-6.5934375e-07
-6.5996528e-07
-6.6038189e-07
-6.605726e-07
-6.6084169e-07
-6.613173e-07
-6.6178245e-07
-6.620329e-07
-6.62182e-07
-6.6246429e-07
-6.6286503e-07
-6.6320865e-07
-6.634873e-07
-6.6382012e-07
-6.6424963e-07
-6.6473029e-07
-6.6518135e-07
-6.655539e-07
-6.6587398e-07
-6.6621624e-07
-6.666113e-07
-6.6699693e-07
-6.6732088e-07
-6.675894e-07
-6.6787169e-07
-6.6820252e-07
-6.6849907e-07
-6.6887418e-07
-6.6949133e-07
-6.7005254e-07
-6.7032079e-07
-6.705543e-07
-6.7090878e-07
-6.7130128e-07
-6.7169452e-07
-6.7201e-07
-6.7220282e-07
-6.7240626e-07
-6.727152e-07
-6.7309429e-07
-6.7351999e-07
-6.7395024e-07
-6.743465e-07
-6.7473673e-07
-6.7511598e-07
-6.7547586e-07
-6.7581391e-07
-6.7606879e-07
-6.7629742e-07
-6.7663859e-07
-6.7701529e-07
-6.7733265e-07
-6.7769611e-07
-6.7810328e-07
-6.7841404e-07
-6.7867995e-07
-6.7906484e-07
-6.795824e-07
-6.8006398e-07
-6.8032426e-07
-6.8049405e-07
-6.8083887e-07
-6.8124245e-07
-6.8152951e-07
-6.8183863e-07
-6.8226132e-07
-6.8272402e-07
-6.831487e-07
-6.8347265e-07
-6.8367262e-07
-6.8377824e-07
