-5.9968556e-07
-5.994284e-07
-5.9896246e-07
-5.9876925e-07
-5.9855972e-07
-5.9833127e-07
-5.9777727e-07
-5.9771884e-07
-5.9697396e-07
-5.9672334e-07
-5.9624716e-07
-5.9635806e-07
-5.9586932e-07
-5.9529646e-07
-5.951843e-07
-5.9489241e-07
-5.9410655e-07
-5.940505e-07
-5.9418102e-07
-5.9360463e-07
-5.9368671e-07
-5.9290659e-07
-5.9229853e-07
-5.9241285e-07
-5.9246452e-07
-5.9122533e-07
-5.9126256e-07
-5.9087716e-07
-5.908696e-07
-5.9032391e-07
-5.9013058e-07
-5.8999109e-07
-5.8982141e-07
-5.8935956e-07
-5.8881022e-07
-5.8887917e-07
-5.8845933e-07
-5.8829573e-07
-5.8845177e-07
-5.8784491e-07
-5.8741369e-07
-5.8707161e-07
-5.8717063e-07
-5.8660675e-07
-5.8598283e-07
-5.855502e-07
-5.8562716e-07
-5.8535505e-07
-5.8502621e-07
-5.8466355e-07
-5.8380272e-07
-5.8397791e-07
-5.8378964e-07
-5.8322581e-07
-5.8274946e-07
-5.8250441e-07
-5.82155e-07
-5.8200078e-07
-5.8181649e-07
-5.8118678e-07
-5.8073277e-07
-5.8039632e-07
-5.7986296e-07
-5.796515e-07
-5.7907789e-07
-5.7909369e-07
-5.7872182e-07
-5.7836638e-07
-5.7816237e-07
-5.7816607e-07
-5.7756301e-07
-5.7735434e-07
-5.7715926e-07
-5.7720013e-07
-5.77067e-07
-5.7604257e-07
-5.7595213e-07
-5.7554269e-07
-5.7532412e-07
-5.7475745e-07
-5.7456145e-07
-5.7410745e-07
-5.7392327e-07
-5.7400348e-07
-5.7332278e-07
-5.7312383e-07
-5.7281278e-07
-5.7271274e-07
-5.7203289e-07
-5.7153625e-07
-5.7119905e-07
-5.7097481e-07
-5.707206e-07
-5.7080581e-07
-5.6997067e-07
-5.6957128e-07
-5.6939223e-07
-5.6913416e-07
-5.6884886e-07
-5.6838945e-07
-5.6854213e-07
-5.6781118e-07
-5.674442e-07
-5.6703487e-07
-5.6672144e-07
-5.6677862e-07
-5.6633371e-07
-5.6565983e-07
-5.6536879e-07
-5.6516939e-07
-5.6472362e-07
-5.6423198e-07
-5.6427933e-07
-5.642047e-07
-5.6375893e-07
-5.6298012e-07
-5.6307334e-07
-5.6261001e-07
-5.6292555e-07
-5.621871e-07
-5.6156705e-07
-5.611542e-07
-5.6111639e-07
-5.6069388e-07
-5.6036134e-07
-5.6020059e-07
-5.594199e-07
-5.595665e-07
-5.5946379e-07
-5.5953359e-07
-5.5875506e-07
-5.5820942e-07
-5.5793959e-07
-5.571564e-07
-5.57259e-07
-5.5707221e-07
-5.5661405e-07
-5.5648343e-07
-5.5599412e-07
-5.5580267e-07
-5.5547343e-07
-5.5503034e-07
-5.5454404e-07
-5.5402251e-07
-5.5392627e-07
-5.5345151e-07
-5.5328582e-07
-5.5305884e-07
-5.5271892e-07
-5.522441e-07
-5.5206505e-07
-5.5174371e-07
-5.5095239e-07
-5.5097559e-07
-5.5057654e-07
-5.5051856e-07
-5.5053897e-07
-5.4983468e-07
-5.4915421e-07
-5.4928501e-07
-5.4862818e-07
-5.4895247e-07
-5.4851864e-07
-5.4818491e-07
-5.4818958e-07
-5.47463e-07
-5.4723205e-07
-5.4716406e-07
-5.4684756e-07
-5.4598559e-07
-5.4583364e-07
-5.4566522e-07
-5.4522081e-07
-5.4447924e-07
-5.443793e-07
-5.4402295e-07
-5.4375943e-07
-5.4332105e-07
-5.4265342e-07
-5.4235562e-07
-5.4234607e-07
-5.4247414e-07
-5.419941e-07
-5.4157073e-07
-5.4142225e-07
-5.4054777e-07
-5.404666e-07
-5.4021808e-07
-5.3955915e-07
-5.3944882e-07
-5.3928864e-07
-5.3888715e-07
-5.3834992e-07
-5.3826483e-07
-5.3824704e-07
-5.3782099e-07
-5.3741525e-07
-5.3700245e-07
-5.3644339e-07
-5.3576099e-07
-5.356697e-07
-5.3526236e-07
-5.3510905e-07
-5.3446746e-07
-5.3424367e-07
-5.3372509e-07
-5.3366153e-07
-5.3384463e-07
-5.3324908e-07
-5.3284208e-07
-5.3259311e-07
-5.3226108e-07
-5.3144947e-07
-5.313899e-07
-5.3140968e-07
-5.3094232e-07
-5.30926e-07
-5.3008307e-07
-5.2983643e-07
-5.2918335e-07
-5.2900424e-07
-5.2907274e-07
-5.2893535e-07
-5.2836793e-07
-5.2786402e-07
-5.2752739e-07
-5.2731633e-07
-5.2697385e-07
-5.2660835e-07
-5.267172e-07
-5.2614291e-07
-5.260236e-07
-5.2550655e-07
-5.2475457e-07
-5.2440737e-07
-5.2439952e-07
-5.2425224e-07
-5.2421677e-07
-5.2342682e-07
-5.2310435e-07
-5.2317176e-07
-5.2253989e-07
-5.2209748e-07
-5.2155673e-07
-5.2135834e-07
-5.2103906e-07
-5.2058778e-07
-5.2034864e-07
-5.2007789e-07
-5.2003372e-07
-5.1935166e-07
-5.1906108e-07
-5.1865561e-07
-5.1864254e-07
-5.1815391e-07
-5.1769007e-07
-5.1747219e-07
-5.1736419e-07
-5.1682366e-07
-5.1682889e-07
-5.1648817e-07
-5.1611397e-07
-5.1583203e-07
-5.1544799e-07
-5.15115e-07
-5.1489025e-07
-5.1444556e-07
-5.1395961e-07
-5.1392476e-07
-5.1384995e-07
-5.1322235e-07
-5.1283126e-07
-5.1286844e-07
-5.1203381e-07
-5.1173913e-07
-5.1206786e-07
-5.114702e-07
-5.1073829e-07
-5.1052183e-07
-5.1082884e-07
-5.1020919e-07
-5.0979628e-07
-5.0917856e-07
-5.0927565e-07
-5.0869329e-07
-5.0809848e-07
-5.080347e-07
-5.0748844e-07
-5.0768e-07
-5.0688681e-07
-5.0684099e-07
-5.0617575e-07
-5.0596509e-07
-5.0550045e-07
-5.05201e-07
-5.0483982e-07
-5.0406709e-07
-5.038525e-07
-5.0346063e-07
-5.0320727e-07
-5.0298274e-07
-5.02494e-07
-5.0235644e-07
-5.0149151e-07
-5.0159099e-07
-5.0122225e-07
-5.0104745e-07
-5.0081053e-07
-5.0053654e-07
-5.0023561e-07
-5.0008555e-07
-4.9978598e-07
-4.9949523e-07
-4.9925978e-07
-4.9875484e-07
-4.9888888e-07
-4.9794085e-07
-4.9774877e-07
-4.9728578e-07
-4.9696257e-07
-4.9660446e-07
-4.9655392e-07
-4.9589022e-07
-4.9531008e-07
-4.9475449e-07
-4.9462153e-07
-4.9417724e-07
-4.9408527e-07
-4.9394004e-07
-4.935203e-07
-4.9337928e-07
-4.9280823e-07
-4.9223712e-07
-4.9210234e-07
-4.9159416e-07
-4.9166499e-07
-4.9129346e-07
-4.9109411e-07
-4.9108837e-07
-4.9052483e-07
-4.9027483e-07
-4.899494e-07
-4.8944469e-07
-4.8866156e-07
-4.8871453e-07
-4.8879139e-07
-4.8797966e-07
-4.8775263e-07
-4.8731346e-07
-4.8716521e-07
-4.865002e-07
-4.859541e-07
-4.8602425e-07
-4.8589487e-07
-4.8549475e-07
-4.853174e-07
-4.8490148e-07
-4.8431531e-07
-4.8401392e-07
-4.8379474e-07
-4.8343583e-07
-4.8301843e-07
-4.8305481e-07
-4.82686e-07
-4.8235859e-07
-4.8180482e-07
-4.8176946e-07
-4.8133415e-07
-4.8068182e-07
-4.8073861e-07
-4.8003119e-07
-4.8021258e-07
-4.7955859e-07
-4.7877484e-07
-4.7878115e-07
-4.7858555e-07
-4.7822743e-07
-4.7777218e-07
-4.7751155e-07
-4.7693578e-07
-4.7705436e-07
-4.7646688e-07
-4.7584129e-07
-4.7586357e-07
-4.7524057e-07
-4.7548167e-07
-4.7470385e-07
-4.7458727e-07
-4.7428711e-07
-4.7334512e-07
-4.7344156e-07
-4.732513e-07
-4.7278363e-07
-4.7242858e-07
-4.7215144e-07
-4.7195024e-07
-4.7166731e-07
-4.710661e-07
-4.7062434e-07
-4.702315e-07
-4.7016584e-07
-4.6993739e-07
-4.6935278e-07
-4.6890173e-07
-4.6880336e-07
-4.6848862e-07
-4.6820878e-07
-4.6806483e-07
-4.6704298e-07
-4.6706811e-07
-4.6693978e-07
-4.6658451e-07
-4.660366e-07
-4.6596924e-07
-4.6552842e-07
-4.6558395e-07
-4.646453e-07
-4.6423139e-07
-4.6387277e-07
-4.6390016e-07
-4.6293218e-07
-4.6311038e-07
-4.6288329e-07
-4.6218128e-07
-4.6194478e-07
-4.6205767e-07
-4.614117e-07
-4.6113684e-07
-4.6091745e-07
-4.6031963e-07
-4.6021833e-07
-4.6017735e-07
-4.5977112e-07
-4.5901456e-07
-4.5878249e-07
-4.5826994e-07
-4.5783449e-07
-4.5755519e-07
-4.5709086e-07
-4.5684337e-07
-4.5687639e-07
-4.5642028e-07
-4.5602806e-07
-4.5576314e-07
-4.5514352e-07
-4.5478879e-07
-4.5469736e-07
-4.5425131e-07
-4.5389183e-07
-4.5361637e-07
-4.5309011e-07
-4.529002e-07
-4.5263496e-07
-4.5235885e-07
-4.5188042e-07
-4.5175673e-07
-4.5147667e-07
-4.508162e-07
-4.5093432e-07
-4.5053127e-07
-4.4978538e-07
-4.4947652e-07
-4.4935388e-07
-4.4926665e-07
-4.4861133e-07
-4.4854505e-07
-4.4813149e-07
-4.47421e-07
-4.4735856e-07
-4.4721665e-07
-4.4672339e-07
-4.4606136e-07
-4.4623371e-07
-4.459456e-07
-4.4542423e-07
-4.4461612e-07
-4.4437974e-07
-4.4397467e-07
-4.4381966e-07
-4.4350452e-07
-4.4333842e-07
-4.4276896e-07
-4.4284008e-07
-4.419847e-07
-4.4154166e-07
-4.4107631e-07
-4.4063691e-07
-4.4079499e-07
-4.4046047e-07
-4.4019592e-07
-4.3992409e-07
-4.3961492e-07
-4.3903094e-07
-4.3864918e-07
-4.3843647e-07
-4.3777564e-07
-4.3737143e-07
-4.3690741e-07
-4.3714405e-07
-4.3668089e-07
-4.3662331e-07
-4.3596307e-07
-4.3543815e-07
-4.3571211e-07
-4.349657e-07
-4.3508268e-07
-4.3468921e-07
-4.344337e-07
-4.3367936e-07
-4.3367569e-07
-4.3333495e-07
-4.3282347e-07
-4.323384e-07
-4.3169464e-07
-4.316712e-07
-4.3164948e-07
-4.3122526e-07
-4.3104907e-07
-4.3078899e-07
-4.3018974e-07
-4.2991019e-07
-4.2943296e-07
-4.2864966e-07
-4.288911e-07
-4.2846304e-07
-4.2811428e-07
-4.2763619e-07
-4.2721848e-07
-4.2704741e-07
-4.2672289e-07
-4.2657382e-07
-4.2640312e-07
-4.2563533e-07
-4.2546702e-07
-4.2528777e-07
-4.2451114e-07
-4.2388757e-07
-4.2378585e-07
-4.2383724e-07
-4.2365127e-07
-4.2300627e-07
-4.2290611e-07
-4.2245205e-07
-4.2235195e-07
-4.2142509e-07
-4.2116858e-07
-4.2083013e-07
-4.2076999e-07
-4.1999454e-07
-4.1956631e-07
-4.1922428e-07
-4.1891715e-07
-4.1846391e-07
-4.1839982e-07
-4.1819925e-07
-4.1777213e-07
-4.1734768e-07
-4.1702015e-07
-4.1689222e-07
-4.1640067e-07
-4.1591341e-07
-4.158841e-07
-4.1524973e-07
-4.1542791e-07
-4.1505766e-07
-4.1458821e-07
-4.1418656e-07
-4.1385633e-07
-4.1355747e-07
-4.1323278e-07
-4.1281297e-07
-4.1239875e-07
-4.1192715e-07
-4.1196876e-07
-4.1131074e-07
-4.1121817e-07
-4.1101507e-07
-4.1050211e-07
-4.0994553e-07
-4.100969e-07
-4.0961808e-07
-4.0922569e-07
-4.0886141e-07
-4.0817915e-07
-4.0765343e-07
-4.0746355e-07
-4.0704637e-07
-4.071145e-07
-4.0658654e-07
-4.0609751e-07
-4.0585081e-07
-4.0532416e-07
-4.0460372e-07
-4.0484207e-07
-4.0424467e-07
-4.0398609e-07
-4.036055e-07
-4.0323974e-07
-4.0312352e-07
-4.0292556e-07
-4.0260988e-07
-4.0212603e-07
-4.0203824e-07
-4.0180404e-07
-4.0136794e-07
-4.0079951e-07
-4.007486e-07
-4.004539e-07
-3.9964317e-07
-3.9914039e-07
-3.9888414e-07
-3.9865984e-07
-3.983636e-07
-3.9807097e-07
-3.9761684e-07
-3.9714024e-07
-3.9704886e-07
-3.9673338e-07
-3.9612436e-07
-3.9608071e-07
-3.9542331e-07
-3.9513179e-07
-3.9473397e-07
-3.9475466e-07
-3.9379546e-07
-3.9397318e-07
-3.9334671e-07
-3.9331385e-07
-3.9329493e-07
-3.9247041e-07
-3.9229488e-07
-3.9178846e-07
-3.9139087e-07
-3.9114258e-07
-3.9053302e-07
-3.9036141e-07
-3.9004237e-07
-3.8966408e-07
-3.8963148e-07
-3.8881797e-07
-3.8843589e-07
-3.8816461e-07
-3.878387e-07
-3.8743246e-07
-3.8729863e-07
-3.8706574e-07
-3.8615718e-07
-3.8632797e-07
-3.859015e-07
-3.8526912e-07
-3.8519104e-07
-3.8500843e-07
-3.846539e-07
-3.8393682e-07
-3.8361409e-07
-3.8325766e-07
-3.8330606e-07
-3.8274359e-07
-3.8228703e-07
-3.8232767e-07
-3.819757e-07
-3.8166004e-07
-3.8128337e-07
-3.8058738e-07
-3.8034517e-07
-3.8000391e-07
-3.798383e-07
-3.7955672e-07
-3.7917627e-07
-3.7864572e-07
-3.7856492e-07
-3.782763e-07
-3.7789033e-07
-3.7744962e-07
-3.7658788e-07
-3.7669986e-07
-3.7676773e-07
-3.7617468e-07
-3.7565192e-07
-3.7512123e-07
-3.7492509e-07
-3.7456613e-07
-3.7462934e-07
-3.7378948e-07
-3.7348167e-07
-3.7293142e-07
-3.7285389e-07
-3.7233713e-07
-3.7185529e-07
-3.7172336e-07
-3.7124474e-07
-3.7092312e-07
-3.7098783e-07
-3.7018168e-07
-3.7012006e-07
-3.7003176e-07
-3.6935947e-07
-3.6901682e-07
-3.6857514e-07
-3.6865612e-07
-3.6800083e-07
-3.6774105e-07
-3.6737089e-07
-3.6693839e-07
-3.6674911e-07
-3.6586326e-07
-3.6584393e-07
-3.6545072e-07
-3.6556082e-07
-3.6507905e-07
-3.6488922e-07
-3.6424115e-07
-3.6385606e-07
-3.6414517e-07
-3.6313662e-07
-3.6313503e-07
-3.624051e-07
-3.6213584e-07
-3.6170007e-07
-3.6144925e-07
-3.6127113e-07
-3.6076429e-07
-3.6037065e-07
-3.5997189e-07
-3.5961688e-07
-3.5969711e-07
-3.5886649e-07
-3.5848214e-07
-3.582536e-07
-3.580432e-07
-3.5786312e-07
-3.5736272e-07
-3.5707683e-07
-3.5689212e-07
-3.5638902e-07
-3.5629967e-07
-3.5562127e-07
-3.5524383e-07
-3.5506471e-07
-3.5465544e-07
-3.5464839e-07
-3.5404847e-07
-3.5379395e-07
-3.5340548e-07
-3.524562e-07
-3.5236511e-07
-3.5221305e-07
-3.5166266e-07
-3.5134289e-07
-3.5075112e-07
-3.5096363e-07
-3.5023857e-07
-3.4997188e-07
-3.4945595e-07
-3.4905847e-07
-3.4902553e-07
-3.4893756e-07
-3.4839391e-07
-3.4790622e-07
-3.4757778e-07
-3.4736894e-07
-3.4694915e-07
-3.4655508e-07
-3.4635138e-07
-3.460292e-07
-3.4590224e-07
-3.4543083e-07
-3.4505504e-07
-3.4457847e-07
-3.4428928e-07
-3.436584e-07
-3.4310756e-07
-3.4288311e-07
-3.4250559e-07
-3.4223135e-07
-3.420551e-07
-3.4154354e-07
-3.409809e-07
-3.4082805e-07
-3.4038314e-07
-3.4039678e-07
-3.4020619e-07
-3.4044825e-07
-3.395233e-07
-3.3879954e-07
-3.3790826e-07
-3.3785832e-07
-3.3814734e-07
-3.379198e-07
-3.3754634e-07
-3.3739556e-07
-3.3661024e-07
-3.3606904e-07
-3.3618031e-07
-3.3535227e-07
-3.351752e-07
-3.3478744e-07
-3.3439656e-07
-3.343832e-07
-3.3394116e-07
-3.3346058e-07
-3.3313162e-07
-3.3294683e-07
-3.327178e-07
-3.3189869e-07
-3.3161211e-07
-3.3082196e-07
-3.3092942e-07
-3.3047345e-07
-3.29964e-07
-3.295759e-07
-3.2958931e-07
-3.2893368e-07
-3.291392e-07
-3.2878148e-07
-3.2816462e-07
-3.2755065e-07
-3.2774034e-07
-3.2699191e-07
-3.2648759e-07
-3.2631425e-07
-3.262742e-07
-3.2559382e-07
-3.2549954e-07
-3.2504803e-07
-3.2463646e-07
-3.2435574e-07
-3.2426195e-07
-3.2330465e-07
-3.2309836e-07
-3.2265598e-07
-3.2232731e-07
-3.2217193e-07
-3.219092e-07
-3.2161572e-07
-3.2137962e-07
-3.2052901e-07
-3.2023348e-07
-3.2009956e-07
-3.1982452e-07
-3.1973642e-07
-3.1906171e-07
-3.1858829e-07
-3.182181e-07
-3.1781889e-07
-3.172928e-07
-3.1708538e-07
-3.168154e-07
-3.1679531e-07
-3.1615588e-07
-3.1590062e-07
-3.1538133e-07
-3.1506866e-07
-3.148304e-07
-3.1420683e-07
-3.13915e-07
-3.1340318e-07
-3.1345186e-07
-3.1281394e-07
-3.1229882e-07
-3.1228734e-07
-3.1205428e-07
-3.1180986e-07
-3.1159641e-07
-3.1088936e-07
-3.1045758e-07
-3.1034477e-07
-3.1000104e-07
-3.095335e-07
-3.0946586e-07
-3.0890854e-07
-3.0834548e-07
-3.0798282e-07
-3.0791605e-07
-3.0704101e-07
-3.0664424e-07
-3.0694389e-07
-3.0649952e-07
-3.0625424e-07
-3.0591104e-07
-3.0563177e-07
-3.0467638e-07
-3.0461513e-07
-3.0428362e-07
-3.0329323e-07
-3.0331069e-07
-3.0301669e-07
-3.0225803e-07
-3.0243893e-07
-3.0202438e-07
-3.015611e-07
-3.0141288e-07
-3.0112767e-07
-3.007269e-07
-3.0004901e-07
-3.0001917e-07
-2.994079e-07
-2.9886556e-07
-2.9851705e-07
-2.9829656e-07
-2.9783229e-07
-2.979034e-07
-2.9751143e-07
-2.9703347e-07
-2.9654254e-07
-2.9651073e-07
-2.9592005e-07
-2.9563952e-07
-2.9546138e-07
-2.946978e-07
-2.9488396e-07
-2.9423566e-07
-2.9419203e-07
-2.9391535e-07
-2.9338568e-07
-2.9304269e-07
-2.9233291e-07
-2.9217875e-07
-2.9207379e-07
-2.9164579e-07
-2.9110373e-07
-2.9092558e-07
-2.9041377e-07
-2.8967014e-07
-2.8985312e-07
-2.8918532e-07
-2.8916995e-07
-2.8881954e-07
-2.8850801e-07
-2.8793545e-07
-2.8779743e-07
-2.8741152e-07
-2.8711878e-07
-2.8668569e-07
-2.8624598e-07
-2.8573112e-07
-2.8535024e-07
-2.8545833e-07
-2.8520876e-07
-2.8466039e-07
-2.8436173e-07
-2.8376712e-07
-2.8344937e-07
-2.8285615e-07
-2.8237838e-07
-2.8209433e-07
-2.8215658e-07
-2.8154315e-07
-2.8137205e-07
-2.8116042e-07
-2.8086285e-07
-2.8029487e-07
-2.800077e-07
-2.7983666e-07
-2.7932731e-07
-2.7897937e-07
-2.7839249e-07
-2.7810907e-07
-2.7765955e-07
-2.7774175e-07
-2.769811e-07
-2.7647502e-07
-2.7641596e-07
-2.7615326e-07
-2.7585247e-07
-2.7561308e-07
-2.7499482e-07
-2.7465151e-07
-2.7424235e-07
-2.738538e-07
-2.737425e-07
-2.7307894e-07
-2.7252989e-07
-2.7253651e-07
-2.7202427e-07
-2.7165336e-07
-2.7131824e-07
-2.7112199e-07
-2.7077775e-07
-2.7052914e-07
-2.702439e-07
-2.6933066e-07
-2.6897075e-07
-2.6870225e-07
-2.6847354e-07
-2.6779688e-07
-2.6786066e-07
-2.67715e-07
-2.6714665e-07
-2.6661709e-07
-2.6643025e-07
-2.6670628e-07
-2.665366e-07
-2.6521727e-07
-2.6484025e-07
-2.6391774e-07
-2.6403072e-07
-2.6382673e-07
-2.6330306e-07
-2.628417e-07
-2.624821e-07
-2.6254835e-07
-2.6239448e-07
-2.6205205e-07
-2.6101065e-07
-2.6008539e-07
-2.5990644e-07
-2.5995303e-07
-2.6000723e-07
-2.5948094e-07
-2.5868826e-07
-2.5873433e-07
-2.585596e-07
-2.580577e-07
-2.5743299e-07
-2.5734514e-07
-2.5742523e-07
-2.5690656e-07
-2.5626446e-07
-2.5576523e-07
-2.5541854e-07
-2.5522272e-07
-2.5510707e-07
-2.5416321e-07
-2.5418646e-07
-2.5364628e-07
-2.5339011e-07
-2.5320347e-07
-2.5264197e-07
-2.524271e-07
-2.5191471e-07
-2.517578e-07
-2.5110123e-07
-2.5113462e-07
-2.5067376e-07
-2.5036934e-07
-2.4993054e-07
-2.4899563e-07
-2.4885824e-07
-2.4852343e-07
-2.4861325e-07
-2.4798672e-07
-2.4793442e-07
-2.469672e-07
-2.4680566e-07
-2.4668802e-07
-2.4608084e-07
-2.4608056e-07
-2.4578333e-07
-2.4520003e-07
-2.4423852e-07
-2.4405932e-07
-2.4416968e-07
-2.4379528e-07
-2.4332542e-07
-2.4296543e-07
-2.4245659e-07
-2.4225128e-07
-2.4208683e-07
-2.4171888e-07
-2.4154434e-07
-2.4098668e-07
-2.4047148e-07
-2.3997171e-07
-2.3965009e-07
-2.393032e-07
-2.3922223e-07
-2.3842159e-07
-2.3803535e-07
-2.3836216e-07
-2.377646e-07
-2.3744519e-07
-2.3651145e-07
-2.3638142e-07
-2.3612151e-07
-2.3595892e-07
-2.3534965e-07
-2.3512949e-07
-2.3457147e-07
-2.342053e-07
-2.3410851e-07
-2.3358992e-07
-2.3308381e-07
-2.3243429e-07
-2.3262506e-07
-2.3229083e-07
-2.3181333e-07
-2.3164829e-07
-2.3112624e-07
-2.3110618e-07
-2.3067193e-07
-2.3042945e-07
-2.2968213e-07
-2.2899205e-07
-2.2861914e-07
-2.2834095e-07
-2.2827751e-07
-2.278403e-07
-2.274321e-07
-2.2671053e-07
-2.2673801e-07
-2.2639883e-07
-2.2567043e-07
-2.25525e-07
-2.2524468e-07
-2.2467299e-07
-2.2492193e-07
-2.2429892e-07
-2.2431027e-07
-2.233343e-07
-2.2275495e-07
-2.2247856e-07
-2.2231792e-07
-2.2198269e-07
-2.217715e-07
-2.2142677e-07
-2.2129569e-07
-2.2058296e-07
-2.2049727e-07
-2.1975191e-07
-2.1975427e-07
-2.1944945e-07
-2.1864517e-07
-2.1882322e-07
-2.1849503e-07
-2.1826303e-07
-2.1761923e-07
-2.1718921e-07
-2.1712509e-07
-2.1620612e-07
-2.1615051e-07
-2.1584474e-07
-2.1552778e-07
-2.1478726e-07
-2.1474037e-07
-2.1384103e-07
-2.1370566e-07
-2.1319991e-07
-2.1297249e-07
-2.1268518e-07
-2.1263592e-07
-2.1188167e-07
-2.1147396e-07
-2.1105146e-07
-2.1092333e-07
-2.1091155e-07
-2.1019362e-07
-2.1010565e-07
-2.0955211e-07
-2.094217e-07
-2.0902849e-07
-2.0851692e-07
-2.0831483e-07
-2.0793954e-07
-2.0741074e-07
-2.0709012e-07
-2.0680996e-07
-2.0636286e-07
-2.0596801e-07
-2.0525921e-07
-2.0510346e-07
-2.049614e-07
-2.0427832e-07
-2.0400039e-07
-2.0336766e-07
-2.0349171e-07
-2.0295793e-07
-2.0278736e-07
-2.023499e-07
-2.0203711e-07
-2.0127521e-07
-2.0078244e-07
-2.0065757e-07
-2.005101e-07
-1.9991833e-07
-1.9979838e-07
-1.9919415e-07
-1.9941402e-07
-1.9908937e-07
-1.9846425e-07
-1.9791236e-07
-1.9735431e-07
-1.9719883e-07
-1.9691417e-07
-1.9639361e-07
-1.9642178e-07
-1.9608051e-07
-1.9549216e-07
-1.9520877e-07
-1.9495438e-07
-1.942031e-07
-1.9412572e-07
-1.9343186e-07
-1.9316383e-07
-1.9260136e-07
-1.9270188e-07
-1.9227377e-07
-1.917728e-07
-1.9098282e-07
-1.9119196e-07
-1.9047498e-07
-1.9043712e-07
-1.8965788e-07
-1.8981379e-07
-1.8994672e-07
-1.9048456e-07
-1.907468e-07
-1.9071683e-07
-1.9074547e-07
-1.9116671e-07
-1.9168409e-07
-1.9172201e-07
-1.9202413e-07
-1.9233221e-07
-1.9289742e-07
-1.9335049e-07
-1.9349915e-07
-1.93636e-07
-1.9397891e-07
-1.9388465e-07
-1.942779e-07
-1.9473894e-07
-1.9482181e-07
-1.9550717e-07
-1.957265e-07
-1.9609617e-07
-1.9615622e-07
-1.9619128e-07
-1.9647131e-07
-1.9733555e-07
-1.9731533e-07
-1.9724669e-07
-1.977477e-07
-1.9817374e-07
-1.9848845e-07
-1.9849443e-07
-1.9917728e-07
-1.9932408e-07
-1.9946182e-07
-1.9957368e-07
-2.0002508e-07
-1.9996595e-07
-2.0015331e-07
-2.007091e-07
-2.0136527e-07
-2.0144424e-07
-2.0185894e-07
-2.0217522e-07
-2.0251431e-07
-2.0265963e-07
-2.0298786e-07
-2.0311747e-07
-2.0317606e-07
-2.041501e-07
-2.0452266e-07
-2.0423998e-07
-2.0465248e-07
-2.0514408e-07
-2.0523673e-07
-2.0546143e-07
-2.0581376e-07
-2.0569199e-07
-2.0611226e-07
-2.0686058e-07
-2.0699545e-07
-2.07394e-07
-2.0710318e-07
-2.0770639e-07
-2.0822129e-07
-2.0874222e-07
-2.088954e-07
-2.0950817e-07
-2.0949901e-07
-2.0983823e-07
-2.1003011e-07
-2.1024127e-07
-2.107224e-07
-2.1111435e-07
-2.1109282e-07
-2.1142777e-07
-2.1191357e-07
-2.1206279e-07
-2.1198142e-07
-2.1262913e-07
-2.1305286e-07
-2.1340088e-07
-2.1334715e-07
-2.1422008e-07
-2.1458933e-07
-2.1481932e-07
-2.1476323e-07
-2.1537795e-07
-2.1533904e-07
-2.1572528e-07
-2.1626991e-07
-2.1659064e-07
-2.1697217e-07
-2.1694939e-07
-2.1756914e-07
-2.1760286e-07
-2.1791578e-07
-2.1797256e-07
-2.1833436e-07
-2.187351e-07
-2.1895616e-07
-2.1918029e-07
-2.1941203e-07
-2.2003742e-07
-2.2056226e-07
-2.209968e-07
-2.208629e-07
-2.2140512e-07
-2.2167205e-07
-2.2228713e-07
-2.2247494e-07
-2.2241862e-07
-2.2271263e-07
-2.2309105e-07
-2.2348327e-07
-2.2350379e-07
-2.2383644e-07
-2.2400499e-07
-2.2473667e-07
-2.2513004e-07
-2.2489269e-07
-2.2549291e-07
-2.2590071e-07
-2.2604186e-07
-2.2666596e-07
-2.2707788e-07
-2.2709483e-07
-2.2754448e-07
-2.2754091e-07
-2.2853757e-07
-2.2842899e-07
-2.2856844e-07
-2.2920742e-07
-2.2938795e-07
-2.2982942e-07
-2.3039014e-07
-2.3028241e-07
-2.3106939e-07
-2.3106379e-07
-2.3144986e-07
-2.3175939e-07
-2.3182334e-07
-2.3209266e-07
-2.3223238e-07
-2.3303633e-07
-2.3310538e-07
-2.333134e-07
-2.3375893e-07
-2.3411424e-07
-2.3404482e-07
-2.3443802e-07
-2.3516823e-07
-2.355528e-07
-2.3580809e-07
-2.3591973e-07
-2.3624675e-07
-2.3679634e-07
-2.3715857e-07
-2.3736733e-07
-2.3774447e-07
-2.3808396e-07
-2.3824033e-07
-2.387867e-07
-2.3927316e-07
-2.3908862e-07
-2.3954232e-07
-2.3986539e-07
-2.3992686e-07
-2.4004729e-07
-2.4027119e-07
-2.4083448e-07
-2.4137887e-07
-2.4170845e-07
-2.4204172e-07
-2.4258213e-07
-2.423929e-07
-2.4293672e-07
-2.4347287e-07
-2.4344516e-07
-2.4364138e-07
-2.4440186e-07
-2.4446624e-07
-2.4475523e-07
-2.4511255e-07
-2.4511922e-07
-2.4585131e-07
-2.4639982e-07
-2.4644004e-07
-2.4680347e-07
-2.4731148e-07
-2.4749662e-07
-2.475085e-07
-2.4796148e-07
-2.4853628e-07
-2.4900848e-07
-2.4947511e-07
-2.4940638e-07
-2.4929338e-07
-2.4960738e-07
-2.5033572e-07
-2.5047967e-07
-2.5086931e-07
-2.5140835e-07
-2.5141188e-07
-2.5184167e-07
-2.5193452e-07
-2.5239797e-07
-2.5316089e-07
-2.5320784e-07
-2.5349635e-07
-2.5371861e-07
-2.54057e-07
-2.5437339e-07
-2.5451433e-07
-2.5493028e-07
-2.555322e-07
-2.5594014e-07
-2.5585365e-07
-2.5638224e-07
-2.5650394e-07
-2.5691875e-07
-2.572537e-07
-2.5767008e-07
-2.5793227e-07
-2.5830201e-07
-2.5845034e-07
-2.5854683e-07
-2.5913712e-07
-2.598054e-07
-2.596872e-07
-2.5983942e-07
-2.604437e-07
-2.6100014e-07
-2.6115575e-07
-2.6127395e-07
-2.6171563e-07
-2.6176912e-07
-2.6210137e-07
-2.6234244e-07
-2.6257629e-07
-2.6298719e-07
-2.6351654e-07
-2.6376298e-07
-2.6410243e-07
-2.6457764e-07
-2.6497048e-07
-2.6519547e-07
-2.6574921e-07
-2.6613256e-07
-2.6596609e-07
-2.6645583e-07
-2.665582e-07
-2.6697813e-07
-2.6696665e-07
-2.6739977e-07
-2.6798989e-07
-2.686501e-07
-2.6903939e-07
-2.6955348e-07
-2.6908324e-07
-2.6953029e-07
-2.6996796e-07
-2.702578e-07
-2.7023924e-07
-2.7109846e-07
-2.7125037e-07
-2.7133783e-07
-2.7179024e-07
-2.726197e-07
-2.7243152e-07
-2.7307038e-07
-2.7344416e-07
-2.7352655e-07
-2.7370521e-07
-2.7371146e-07
-2.7438634e-07
-2.7459686e-07
-2.7507744e-07
-2.7554341e-07
-2.7586674e-07
-2.7608448e-07
-2.7615059e-07
-2.766977e-07
-2.7687983e-07
-2.7735473e-07
-2.7748007e-07
-2.7753458e-07
-2.7806504e-07
-2.7837294e-07
-2.785668e-07
-2.7896044e-07
-2.7946103e-07
-2.7965294e-07
-2.7998587e-07
-2.8063792e-07
-2.8104759e-07
-2.8130762e-07
-2.8156691e-07
-2.8170965e-07
-2.8241863e-07
-2.8221902e-07
-2.8244079e-07
-2.8309708e-07
-2.8362246e-07
-2.8385392e-07
-2.8412333e-07
-2.8465115e-07
-2.8493213e-07
-2.8521876e-07
-2.8529553e-07
-2.8585052e-07
-2.8618058e-07
-2.8630657e-07
-2.8661034e-07
-2.8703101e-07
-2.8723377e-07
-2.8800432e-07
-2.8821449e-07
-2.8868979e-07
-2.8861768e-07
-2.8870028e-07
-2.8901559e-07
-2.8988177e-07
-2.8963439e-07
-2.899211e-07
-2.9030656e-07
-2.9081849e-07
-2.9138806e-07
-2.9159384e-07
-2.9151528e-07
-2.9174512e-07
-2.9238575e-07
-2.925791e-07
-2.9319645e-07
-2.9337946e-07
-2.9353313e-07
-2.9414949e-07
-2.943743e-07
-2.9440372e-07
-2.9471232e-07
-2.948139e-07
-2.9544003e-07
-2.9612997e-07
-2.963543e-07
-2.9634626e-07
-2.9660237e-07
-2.9698953e-07
-2.9754395e-07
-2.980575e-07
-2.9820603e-07
-2.9869437e-07
-2.9891152e-07
-2.9910839e-07
-2.9946114e-07
-3.0000521e-07
-2.9985893e-07
-3.0015232e-07
-3.00636e-07
-3.0094583e-07
-3.0121151e-07
-3.0145202e-07
-3.017085e-07
-3.0260702e-07
-3.0265971e-07
-3.0275842e-07
-3.0307208e-07
-3.039155e-07
-3.0401196e-07
-3.0399914e-07
-3.0473126e-07
-3.0468107e-07
-3.0502079e-07
-3.0570698e-07
-3.0626128e-07
-3.0633706e-07
-3.0695327e-07
-3.0739488e-07
-3.0738963e-07
-3.0758144e-07
-3.0834491e-07
-3.086727e-07
-3.0848571e-07
-3.0901609e-07
-3.0936008e-07
-3.0994138e-07
-3.0954857e-07
-3.106916e-07
-3.1060284e-07
-3.1128113e-07
-3.113652e-07
-3.1175065e-07
-3.1218318e-07
-3.1255914e-07
-3.1274854e-07
-3.1320445e-07
-3.135429e-07
-3.136584e-07
-3.141586e-07
-3.1449849e-07
-3.1423957e-07
-3.1463102e-07
-3.1518471e-07
-3.1585748e-07
-3.1599663e-07
-3.1627854e-07
-3.1670368e-07
-3.1699304e-07
-3.1731025e-07
-3.1766734e-07
-3.1770944e-07
-3.1775005e-07
-3.1839468e-07
-3.1905947e-07
-3.1923256e-07
-3.1963029e-07
-3.1997106e-07
-3.2017735e-07
-3.205011e-07
-3.2082522e-07
-3.2096196e-07
-3.212044e-07
-3.214445e-07
-3.2161535e-07
-3.223316e-07
-3.2310794e-07
-3.2293792e-07
-3.2266732e-07
-3.2346142e-07
-3.2391623e-07
-3.2404199e-07
-3.2431595e-07
-3.2467648e-07
-3.2536033e-07
-3.2584805e-07
-3.2595327e-07
-3.2575011e-07
-3.2608392e-07
-3.2646858e-07
-3.2739015e-07
-3.2750935e-07
-3.2781759e-07
-3.2770762e-07
-3.2827054e-07
-3.2909821e-07
-3.2924868e-07
-3.2949404e-07
-3.2936293e-07
-3.2986756e-07
-3.309155e-07
-3.3075051e-07
-3.3086704e-07
-3.3152094e-07
-3.3149684e-07
-3.3215673e-07
-3.3216142e-07
-3.3244061e-07
-3.3269222e-07
-3.3303945e-07
-3.3380226e-07
-3.3432426e-07
-3.3442191e-07
-3.3487541e-07
-3.3487501e-07
-3.3533871e-07
-3.356738e-07
-3.3608436e-07
-3.3629129e-07
-3.3686871e-07
-3.3744382e-07
-3.37073e-07
-3.3784892e-07
-3.381061e-07
-3.3859689e-07
-3.3869517e-07
-3.3894625e-07
-3.3924132e-07
-3.3961311e-07
-3.3995497e-07
-3.4023464e-07
-3.4019152e-07
-3.410652e-07
-3.414149e-07
-3.4173601e-07
-3.420289e-07
-3.4206613e-07
-3.4251823e-07
-3.4310705e-07
-3.4353292e-07
-3.4381461e-07
-3.4417576e-07
-3.4438338e-07
-3.44781e-07
-3.4449238e-07
-3.4537845e-07
-3.4559051e-07
-3.4600652e-07
-3.4641116e-07
-3.4689947e-07
-3.4653104e-07
-3.4722993e-07
-3.4775658e-07
-3.4821812e-07
-3.4862856e-07
-3.4893864e-07
-3.4959041e-07
-3.4957694e-07
-3.4965436e-07
-3.4962767e-07
-3.4976082e-07
-3.506276e-07
-3.5102317e-07
-3.516123e-07
-3.5209499e-07
-3.5161776e-07
-3.5226563e-07
-3.5284526e-07
-3.5328324e-07
-3.5340966e-07
-3.5376186e-07
-3.5423884e-07
-3.5439086e-07
-3.5483373e-07
-3.5498385e-07
-3.5541305e-07
-3.5553072e-07
-3.5611822e-07
-3.5638993e-07
-3.5683541e-07
-3.5665386e-07
-3.5756486e-07
-3.5761488e-07
-3.5801412e-07
-3.5851528e-07
-3.5898805e-07
-3.5931978e-07
-3.5981469e-07
-3.5933093e-07
-3.6014325e-07
-3.6048004e-07
-3.6079044e-07
-3.6098456e-07
-3.612171e-07
-3.6170061e-07
-3.6249307e-07
-3.6264257e-07
-3.6272149e-07
-3.6339432e-07
-3.6336084e-07
-3.6364065e-07
-3.6390418e-07
-3.6424848e-07
-3.6447432e-07
-3.6500384e-07
-3.6518779e-07
-3.6577848e-07
-3.6592425e-07
-3.664322e-07
-3.6648245e-07
-3.6693274e-07
-3.6704458e-07
-3.6722307e-07
-3.6764163e-07
-3.6824304e-07
-3.6875409e-07
-3.6886991e-07
-3.6916404e-07
-3.6942069e-07
-3.70121e-07
-3.7027576e-07
-3.7060511e-07
-3.7097226e-07
-3.7109211e-07
-3.7145486e-07
-3.7204083e-07
-3.7201596e-07
-3.7255103e-07
-3.7280344e-07
-3.7304238e-07
-3.7293827e-07
-3.739024e-07
-3.7385215e-07
-3.7443826e-07
-3.7455277e-07
-3.7491407e-07
-3.7525189e-07
-3.7574415e-07
-3.7581654e-07
-3.7658785e-07
-3.7698976e-07
-3.7691007e-07
-3.7741054e-07
-3.7789331e-07
-3.7804514e-07
-3.7832268e-07
-3.7850839e-07
-3.7900057e-07
-3.7944443e-07
-3.8011265e-07
-3.7979112e-07
-3.8044928e-07
-3.8053582e-07
-3.8086034e-07
-3.814547e-07
-3.8221751e-07
-3.8194125e-07
-3.8178868e-07
-3.8247956e-07
-3.8280876e-07
-3.8298853e-07
-3.8317597e-07
-3.8389203e-07
-3.8411218e-07
-3.8466129e-07
-3.8526196e-07
-3.8535754e-07
-3.8551639e-07
-3.8591878e-07
-3.8656799e-07
-3.8679133e-07
-3.8714035e-07
-3.8741587e-07
-3.8801033e-07
-3.8805243e-07
-3.8847503e-07
-3.88638e-07
-3.8870996e-07
-3.8925828e-07
-3.8942738e-07
-3.9048319e-07
-3.9071665e-07
-3.9090028e-07
-3.9130123e-07
-3.9157126e-07
-3.918461e-07
-3.9229184e-07
-3.9261738e-07
-3.9264611e-07
-3.9326611e-07
-3.9348987e-07
-3.9387146e-07
-3.9423347e-07
-3.9462492e-07
-3.9505366e-07
-3.9536474e-07
-3.9535223e-07
-3.9605766e-07
-3.9628586e-07
-3.9622384e-07
-3.9665454e-07
-3.9707825e-07
-3.9727541e-07
-3.9784541e-07
-3.983269e-07
-3.9829013e-07
-3.9888045e-07
-3.9925911e-07
-3.9960656e-07
-3.9991122e-07
-4.0015274e-07
-4.0040564e-07
-4.0100977e-07
-4.011525e-07
-4.0166887e-07
-4.0203739e-07
-4.0229949e-07
-4.0249392e-07
-4.0281299e-07
-4.031678e-07
-4.0341976e-07
-4.0374951e-07
-4.044457e-07
-4.0473603e-07
-4.0503284e-07
-4.0512711e-07
-4.0534181e-07
-4.0552018e-07
-4.0612903e-07
-4.0649113e-07
-4.0676994e-07
-4.0703654e-07
-4.0733036e-07
-4.0754418e-07
-4.0809104e-07
-4.0809945e-07
-4.0878331e-07
-4.0910726e-07
-4.0964929e-07
-4.0972338e-07
-4.1022193e-07
-4.1064777e-07
-4.1079977e-07
-4.109051e-07
-4.1117235e-07
-4.1127478e-07
-4.1208025e-07
-4.1263971e-07
-4.1295695e-07
-4.1283906e-07
-4.1346996e-07
-4.1368429e-07
-4.1456343e-07
-4.1443067e-07
-4.1470375e-07
-4.1523893e-07
-4.1559522e-07
-4.1585326e-07
-4.1666095e-07
-4.1695844e-07
-4.1722694e-07
-4.1719781e-07
-4.1766262e-07
-4.1792978e-07
-4.1846067e-07
-4.1829935e-07
-4.1888075e-07
-4.1920097e-07
-4.200181e-07
-4.1990484e-07
-4.198655e-07
-4.2061043e-07
-4.2082388e-07
-4.2116062e-07
-4.2174528e-07
-4.223678e-07
-4.222363e-07
-4.2286848e-07
-4.230227e-07
-4.2321375e-07
-4.2345312e-07
-4.2405216e-07
-4.2399859e-07
-4.2455272e-07
-4.2466641e-07
-4.2497379e-07
-4.2531386e-07
-4.2597409e-07
-4.2601033e-07
-4.2681961e-07
-4.2725554e-07
-4.2726521e-07
-4.2753089e-07
-4.2759939e-07
-4.2811459e-07
-4.283412e-07
-4.2902295e-07
-4.2911077e-07
-4.2988785e-07
-4.3045898e-07
-4.304911e-07
-4.3095301e-07
-4.3125627e-07
-4.3131394e-07
-4.3167202e-07
-4.3154205e-07
-4.3215832e-07
-4.3237495e-07
-4.3277609e-07
-4.3314463e-07
-4.3380555e-07
-4.3350423e-07
-4.3363133e-07
-4.3437885e-07
-4.3457399e-07
-4.3525495e-07
-4.3623754e-07
-4.3598052e-07
-4.3640588e-07
-4.361581e-07
-4.3682383e-07
-4.3726354e-07
-4.3740124e-07
-4.3764999e-07
-4.3830144e-07
-4.3835232e-07
-4.3867257e-07
-4.3904089e-07
-4.3938979e-07
-4.3957641e-07
-4.4040306e-07
-4.4094759e-07
-4.4059661e-07
-4.4131224e-07
-4.4159523e-07
-4.4174774e-07
-4.4202645e-07
-4.4213368e-07
-4.4275956e-07
-4.4309618e-07
-4.4367548e-07
-4.4396228e-07
-4.4472444e-07
-4.4476752e-07
-4.4496099e-07
-4.4531834e-07
-4.4589439e-07
-4.4607253e-07
-4.4680328e-07
-4.4659865e-07
-4.4669119e-07
-4.4720758e-07
-4.4754066e-07
-4.4797443e-07
-4.483949e-07
-4.4877854e-07
-4.487809e-07
-4.4890413e-07
-4.4927265e-07
-4.4931417e-07
-4.5000948e-07
-4.5069967e-07
-4.5090425e-07
-4.5128749e-07
-4.5108868e-07
-4.5203916e-07
-4.5250238e-07
-4.5241663e-07
-4.5336839e-07
-4.5333243e-07
-4.5403704e-07
-4.5397189e-07
-4.5429013e-07
-4.5476335e-07
-4.5467897e-07
-4.5512891e-07
-4.5582325e-07
-4.5614291e-07
-4.5656802e-07
-4.5658106e-07
-4.5715481e-07
-4.578371e-07
-4.5809233e-07
-4.5823833e-07
-4.5869501e-07
-4.5906751e-07
-4.594377e-07
-4.5947007e-07
-4.6004314e-07
-4.6026628e-07
-4.6039759e-07
-4.607802e-07
-4.6144731e-07
-4.6147247e-07
-4.6227646e-07
-4.6202862e-07
-4.6218625e-07
-4.6287346e-07
-4.6320005e-07
-4.6350118e-07
-4.6394314e-07
-4.6418171e-07
-4.6469199e-07
-4.6534367e-07
-4.6598845e-07
-4.6590537e-07
-4.6583014e-07
-4.6629174e-07
-4.6663243e-07
-4.6716812e-07
-4.6770523e-07
-4.6808606e-07
-4.6849081e-07
-4.6870326e-07
-4.6878387e-07
-4.6892708e-07
-4.6964112e-07
-4.6979281e-07
-4.7039768e-07
-4.7033961e-07
-4.7049014e-07
-4.7095426e-07
-4.7132491e-07
-4.7197921e-07
-4.7227044e-07
-4.7253923e-07
-4.7266093e-07
-4.7288918e-07
-4.7340814e-07
-4.7356048e-07
-4.7385905e-07
-4.7426104e-07
-4.7460779e-07
-4.7495078e-07
-4.7555037e-07
-4.7575671e-07
-4.7594057e-07
-4.7651253e-07
-4.7688638e-07
-4.7728309e-07
-4.7767264e-07
-4.7815672e-07
-4.7828019e-07
-4.7843787e-07
-4.7881827e-07
-4.7854559e-07
-4.7928512e-07
-4.8011378e-07
-4.8028073e-07
-4.8087708e-07
-4.8087838e-07
-4.8090078e-07
-4.8150827e-07
-4.8161348e-07
-4.8251621e-07
-4.8254037e-07
-4.8319203e-07
-4.8324347e-07
-4.8363313e-07
-4.8390359e-07
-4.8405036e-07
-4.8431775e-07
-4.8464477e-07
-4.8521258e-07
-4.8576607e-07
-4.8614493e-07
-4.8634303e-07
-4.8688202e-07
-4.8717948e-07
-4.8717004e-07
-4.8766219e-07
-4.877798e-07
-4.8838081e-07
-4.8851888e-07
-4.8904934e-07
-4.8951023e-07
-4.8971151e-07
-4.9007906e-07
-4.9028279e-07
-4.9083303e-07
-4.9079256e-07
-4.911339e-07
-4.9167397e-07
-4.9185849e-07
-4.921198e-07
-4.9286695e-07
-4.9345016e-07
-4.9374029e-07
-4.9328463e-07
-4.9361631e-07
-4.9425068e-07
-4.9467877e-07
-4.9487477e-07
-4.9534458e-07
-4.9546259e-07
-4.95797e-07
-4.9643529e-07
-4.9684741e-07
-4.9693858e-07
-4.9707324e-07
-4.9741982e-07
-4.9813542e-07
-4.9864673e-07
-4.986573e-07
-4.9890684e-07
-4.993671e-07
-4.9971118e-07
-5.0046225e-07
-5.0054854e-07
-5.0108213e-07
-5.0118643e-07
-5.0144234e-07
-5.0161384e-07
-5.0238071e-07
-5.0226345e-07
-5.0247041e-07
-5.0317578e-07
-5.0365219e-07
-5.0372444e-07
-5.0408704e-07
-5.0420255e-07
-5.048862e-07
-5.0450188e-07
-5.0480537e-07
-5.0549363e-07
-5.0572243e-07
-5.06417e-07
-5.0648333e-07
-5.06699e-07
-5.077078e-07
-5.0827526e-07
-5.0830937e-07
-5.0876974e-07
-5.0892379e-07
-5.0970556e-07
-5.1005355e-07
-5.1018537e-07
-5.1026035e-07
-5.1090205e-07
-5.1108589e-07
-5.1119764e-07
-5.1151886e-07
-5.1193263e-07
-5.121741e-07
-5.1279198e-07
-5.132693e-07
-5.1346603e-07
-5.137249e-07
-5.1389515e-07
-5.1448239e-07
-5.1475035e-07
-5.1502775e-07
-5.1517168e-07
-5.152275e-07
-5.1589643e-07
-5.1616365e-07
-5.1689295e-07
-5.1750567e-07
-5.1744837e-07
-5.1818239e-07
-5.1844921e-07
-5.1842056e-07
-5.1885422e-07
-5.1917414e-07
-5.1994215e-07
-5.2021272e-07
-5.2047903e-07
-5.2034579e-07
-5.2085204e-07
-5.2120163e-07
-5.2141684e-07
-5.2195787e-07
-5.2250692e-07
-5.2258019e-07
-5.2284821e-07
-5.2365311e-07
-5.2362537e-07
-5.2410303e-07
-5.2460086e-07
-5.2466373e-07
-5.2497415e-07
-5.2568208e-07
-5.2588769e-07
-5.2598227e-07
-5.2633766e-07
-5.267508e-07
-5.2714432e-07
-5.2727734e-07
-5.2769741e-07
-5.2813027e-07
-5.2849452e-07
-5.2916158e-07
-5.2929437e-07
-5.2947809e-07
-5.2958546e-07
-5.3033273e-07
-5.3044027e-07
-5.3057755e-07
-5.3091782e-07
-5.3166792e-07
-5.3188268e-07
-5.3227683e-07
-5.3288016e-07
-5.3328949e-07
-5.3358406e-07
-5.3359264e-07
-5.3388806e-07
-5.3435718e-07
-5.3492704e-07
-5.3523507e-07
-5.3569556e-07
-5.3596494e-07
-5.3578327e-07
-5.3642538e-07
-5.3659681e-07
-5.3736625e-07
-5.3761084e-07
-5.3777586e-07
-5.3825858e-07
-5.3849431e-07
-5.386982e-07
-5.3906854e-07
-5.3940022e-07
-5.3981279e-07
-5.4012065e-07
-5.4029414e-07
-5.4122978e-07
-5.4170681e-07
-5.4194282e-07
-5.4225217e-07
-5.4213211e-07
-5.423455e-07
-5.4284487e-07
-5.4301933e-07
-5.4342502e-07
-5.4335936e-07
-5.4397225e-07
-5.4456393e-07
-5.449092e-07
-5.4532808e-07
-5.4570131e-07
-5.4618744e-07
-5.460621e-07
-5.461963e-07
-5.4685131e-07
-5.4704401e-07
-5.4764229e-07
-5.4822829e-07
-5.4860726e-07
-5.4855752e-07
-5.4888477e-07
-5.4905865e-07
-5.4951255e-07
-5.4996235e-07
-5.5047838e-07
-5.5069194e-07
-5.5106602e-07
-5.5156664e-07
-5.5142107e-07
-5.516988e-07
-5.525128e-07
-5.5258636e-07
-5.5316724e-07
-5.5335522e-07
-5.5378837e-07
-5.5416962e-07
-5.5454279e-07
-5.5473527e-07
-5.5499851e-07
-5.5485498e-07
-5.5567801e-07
-5.5614896e-07
-5.5625401e-07
-5.5659063e-07
-5.5692584e-07
-5.5774348e-07
-5.5786631e-07
-5.5843935e-07
-5.5885732e-07
-5.5923533e-07
-5.5955587e-07
-5.6005121e-07
-5.6011197e-07
-5.6069115e-07
-5.6071553e-07
-5.6105807e-07
-5.6133302e-07
-5.6170376e-07
-5.6228106e-07
-5.6241743e-07
-5.6279333e-07
-5.6331567e-07
-5.632171e-07
-5.6394123e-07
-5.6423949e-07
-5.6414791e-07
-5.648003e-07
-5.6520247e-07
-5.6516046e-07
-5.6568791e-07
-5.6626834e-07
-5.6654676e-07
-5.6673304e-07
-5.6703243e-07
-5.6723769e-07
-5.6791896e-07
-5.6805027e-07
-5.6829458e-07
-5.6880629e-07
-5.6881413e-07
-5.6957077e-07
-5.6973329e-07
-5.703053e-07
-5.7053705e-07
-5.7111669e-07
-5.711708e-07
-5.71665e-07
-5.7193898e-07
-5.7226964e-07
-5.7284041e-07
-5.7278896e-07
-5.7334e-07
-5.7337434e-07
-5.7422051e-07
-5.7420857e-07
-5.7466519e-07
-5.7511659e-07
-5.7551483e-07
-5.7568047e-07
-5.7647111e-07
-5.7657968e-07
-5.7692864e-07
-5.7714408e-07
-5.771978e-07
-5.7769495e-07
-5.7824161e-07
-5.7872245e-07
-5.7825292e-07
-5.7899837e-07
-5.7944038e-07
-5.7985704e-07
-5.8036733e-07
-5.8081815e-07
-5.8033021e-07
-5.808127e-07
-5.8169002e-07
-5.8187561e-07
-5.8235958e-07
-5.8278613e-07
-5.8325423e-07
-5.8353658e-07
-5.8375724e-07
-5.843267e-07
-5.8441867e-07
-5.8483198e-07
-5.8508232e-07
-5.8532913e-07
-5.8574722e-07
-5.864606e-07
-5.8698117e-07
-5.8677375e-07
-5.8727085e-07
-5.8727272e-07
-5.8790425e-07
-5.8824423e-07
-5.8908847e-07
-5.8916891e-07
-5.8926247e-07
-5.8950371e-07
-5.8970193e-07
-5.9057146e-07
-5.9088114e-07
-5.9110579e-07
-5.9145577e-07
-5.9196617e-07
-5.9214966e-07
-5.9280353e-07
-5.9305933e-07
-5.9348793e-07
-5.9351385e-07
-5.9360843e-07
-5.9348054e-07
-5.9426412e-07
-5.9466691e-07
-5.9533511e-07
-5.9529276e-07
-5.9568725e-07
-5.9594066e-07
-5.9675102e-07
-5.96821e-07
-5.9714398e-07
-5.9755234e-07
-5.9770065e-07
-5.9790989e-07
-5.9869598e-07
-5.9899264e-07
-5.9914453e-07
-5.9935462e-07
-5.9954743e-07
-6.0031772e-07
-6.0065685e-07
-6.0100888e-07
-6.0134221e-07
-6.0155145e-07
-6.0197459e-07
-6.027218e-07
-6.027098e-07
-6.0287135e-07
-6.033618e-07
-6.0351908e-07
-6.0416693e-07
-6.0435553e-07
-6.0489049e-07
-6.0500764e-07
-6.057399e-07
-6.0616969e-07
-6.0631089e-07
-6.066166e-07
-6.0725438e-07
-6.0724238e-07
-6.0733373e-07
-6.0773328e-07
-6.0785743e-07
-6.0820952e-07
-6.0888738e-07
-6.0927255e-07
-6.0952215e-07
-6.0975344e-07
-6.0982444e-07
-6.1087218e-07
-6.1098109e-07
-6.1126337e-07
-6.1161245e-07
-6.1199364e-07
-6.1198216e-07
-6.1253792e-07
-6.1330144e-07
-6.1356968e-07
-6.1371844e-07
-6.1433803e-07
-6.1422185e-07
-6.1436521e-07
-6.1488112e-07
-6.1552544e-07
-6.1617521e-07
-6.1611593e-07
-6.1640839e-07
-6.1697216e-07
-6.1735233e-07
-6.176607e-07
-6.1781907e-07
-6.1817764e-07
-6.1814376e-07
-6.1839859e-07
-6.1883935e-07
-6.1911453e-07
-6.1969121e-07
-6.2017233e-07
-6.205421e-07
-6.2082637e-07
-6.2127822e-07
-6.2165964e-07
-6.2173325e-07
-6.2267219e-07
-6.2252263e-07
-6.2315229e-07
-6.2354701e-07
-6.2379593e-07
-6.2412471e-07
-6.241201e-07
-6.246907e-07
-6.2479876e-07
-6.2552084e-07
-6.2588174e-07
-6.2553778e-07
-6.2605449e-07
-6.265966e-07
-6.2727617e-07
-6.2742737e-07
-6.2769288e-07
-6.2833169e-07
-6.2858209e-07
-6.2922499e-07
-6.2914216e-07
-6.2990432e-07
-6.2967933e-07
-6.2990216e-07
-6.3080773e-07
-6.3127823e-07
-6.3112111e-07
-6.3155693e-07
-6.3182534e-07
-6.3229982e-07
-6.3281556e-07
-6.3307488e-07
-6.3312996e-07
-6.3371272e-07
-6.3428411e-07
-6.3454115e-07
-6.3471691e-07
-6.344859e-07
-6.3540153e-07
-6.3553159e-07
-6.3600675e-07
-6.3650987e-07
-6.3685235e-07
-6.3696154e-07
-6.3756454e-07
-6.3789997e-07
-6.3819647e-07
-6.3791947e-07
-6.3882487e-07
-6.3935585e-07
-6.3987108e-07
-6.4013801e-07
-6.4037044e-07
-6.4088681e-07
-6.4139545e-07
-6.412626e-07
-6.4192062e-07
-6.4178863e-07
-6.4212446e-07
-6.4237508e-07
-6.4260593e-07
-6.4343715e-07
-6.4382641e-07
-6.4385625e-07
-6.4439598e-07
-6.4444532e-07
-6.4531656e-07
-6.4561141e-07
-6.4597037e-07
-6.4611021e-07
-6.4661828e-07
-6.472132e-07
-6.473191e-07
-6.4750981e-07
-6.4776845e-07
-6.4793534e-07
-6.4795665e-07
-6.4858585e-07
-6.4884563e-07
-6.4962859e-07
-6.4987285e-07
-6.5010846e-07
-6.505071e-07
-6.5082025e-07
-6.5157906e-07
-6.5177107e-07
-6.5257962e-07
-6.525575e-07
-6.5309632e-07
-6.5314549e-07
-6.5354476e-07
-6.5407619e-07
-6.5397438e-07
-6.5432641e-07
-6.5487694e-07
-6.5513944e-07
-6.5552047e-07
-6.5614103e-07
-6.5655132e-07
-6.5686322e-07
-6.5711322e-07
-6.5746872e-07
-6.5810229e-07
-6.5815198e-07
-6.5853459e-07
-6.5847593e-07
-6.5891851e-07
-6.5916998e-07
-6.6009568e-07
-6.6044186e-07
-6.6048977e-07
-6.6083373e-07
-6.6127564e-07
-6.6187613e-07
-6.6203671e-07
-6.6213914e-07
-6.6241716e-07
-6.6291898e-07
-6.6326049e-07
-6.633777e-07
-6.6392226e-07
-6.6415004e-07
-6.6480175e-07
-6.6515344e-07
-6.6556839e-07
-6.6588149e-07
-6.6619373e-07
-6.665756e-07
-6.6712408e-07
-6.6711937e-07
-6.6786339e-07
-6.6758247e-07
-6.6835509e-07
-6.6859599e-07
-6.686754e-07
-6.6944102e-07
-6.7038229e-07
-6.7007039e-07
-6.7053872e-07
-6.7108806e-07
-6.7107845e-07
-6.7187426e-07
-6.7187932e-07
-6.7239705e-07
-6.7211869e-07
-6.7299936e-07
-6.7288863e-07
-6.7360702e-07
-6.7396547e-07
-6.7430551e-07
-6.7474161e-07
-6.7515646e-07
-6.7542919e-07
-6.7578583e-07
-6.7622693e-07
-6.7611342e-07
-6.7667696e-07
-6.7711647e-07
-6.772546e-07
-6.7765831e-07
-6.7815671e-07
-6.7848157e-07
-6.7853546e-07
-6.7918876e-07
-6.7945939e-07
-6.8011576e-07
-6.804845e-07
-6.8026844e-07
-6.8084779e-07
-6.8143464e-07
-6.8138235e-07
-6.8181959e-07
-6.8238938e-07
-6.8253485e-07
-6.8335453e-07
-6.8330814e-07
-6.8376818e-07
-6.8380865e-07
